5000 4000
1
2
1
3
5
3
6
5
9
9
9
11
3
8
10
8
12
17
1
20
19
7
1
19
20
24
2
22
1
30
7
10
17
34
7
21
35
6
39
17
41
22
5
35
42
45
40
29
26
20
22
19
34
17
22
35
54
9
15
12
57
26
60
24
7
27
58
52
43
11
10
7
1
33
33
73
53
23
57
31
36
48
77
76
61
82
18
58
44
86
68
73
44
36
5
55
33
38
39
41
51
51
46
40
62
54
69
24
40
108
94
85
27
84
53
71
51
25
40
31
7
108
99
70
25
125
31
46
34
101
116
39
90
14
113
116
112
62
61
17
72
6
142
119
12
24
71
111
3
70
122
123
116
71
119
151
50
5
72
134
18
5
12
19
60
143
45
2
81
84
149
99
132
21
24
79
137
139
33
148
61
86
115
134
80
74
138
95
35
190
55
134
7
126
5
88
59
184
132
107
17
150
112
164
121
135
112
2
93
28
84
211
123
175
1
207
63
33
178
163
106
167
56
151
200
74
107
43
207
45
189
30
189
214
192
104
201
109
51
107
157
211
224
176
25
22
169
71
204
61
173
150
36
251
93
33
37
157
196
231
14
76
25
252
101
144
58
204
261
178
236
159
159
104
215
154
231
223
267
125
249
113
103
169
273
64
86
171
203
243
268
137
253
113
37
37
179
234
161
24
244
164
259
121
179
248
299
182
247
252
213
26
212
155
123
127
265
275
291
62
18
68
220
33
99
124
197
144
76
234
222
331
248
266
156
63
268
232
73
19
277
224
314
245
4
28
335
137
336
220
163
97
52
173
191
150
230
197
162
294
104
142
235
46
322
140
332
137
309
168
179
182
238
69
157
271
152
82
310
327
206
289
315
157
257
290
49
117
21
122
334
182
13
337
16
296
296
252
349
384
374
385
361
31
76
176
315
335
23
58
397
176
378
272
98
121
346
114
360
245
160
49
80
401
55
147
151
70
267
232
247
108
75
337
110
169
359
307
265
150
157
442
139
365
171
69
287
126
271
216
406
159
243
55
7
286
323
210
116
224
187
352
28
116
458
432
435
196
69
423
295
4
321
225
449
337
367
50
462
52
166
322
108
202
169
56
145
478
111
468
44
365
302
354
30
417
128
412
299
1
491
416
189
104
319
422
384
461
66
204
393
290
140
348
261
431
224
228
314
72
53
377
513
357
472
321
69
218
475
491
70
140
509
336
285
523
155
114
30
200
353
61
248
336
519
538
382
470
526
77
322
437
402
73
159
481
386
335
109
504
501
169
332
416
22
91
318
388
245
92
489
207
430
574
385
72
258
342
462
314
251
123
199
309
287
330
63
69
56
419
163
275
333
580
38
418
104
435
254
244
582
324
162
341
567
38
552
591
281
247
192
191
489
349
283
23
578
528
305
236
598
400
181
546
155
329
494
374
405
123
569
378
619
351
14
551
239
89
36
432
141
507
280
258
572
492
290
260
218
140
514
459
189
266
256
77
267
54
155
171
361
9
275
15
566
321
84
177
213
283
482
240
576
491
356
583
109
464
608
427
516
128
502
346
376
123
605
526
223
92
269
241
529
508
368
667
19
161
607
478
18
286
286
602
167
63
300
5
614
150
85
453
24
506
690
452
27
574
77
666
625
144
574
541
76
344
419
189
380
595
665
243
442
250
700
500
294
598
465
97
504
652
455
321
636
62
2
161
392
500
591
28
274
458
39
627
730
492
711
702
758
716
509
259
165
64
210
582
113
140
480
667
490
608
580
184
10
140
139
594
498
619
745
73
390
688
631
466
713
306
504
533
657
309
583
535
631
559
258
506
553
554
530
586
240
376
330
530
354
808
120
151
637
630
714
44
643
368
257
111
480
12
370
323
363
520
703
527
398
765
763
565
365
798
10
454
825
200
208
622
324
2
616
415
271
481
712
443
540
846
800
397
144
474
754
95
145
342
699
294
832
533
419
705
284
1
797
81
42
178
43
492
584
169
207
623
473
324
30
366
187
183
464
593
706
53
286
106
735
475
126
748
755
779
619
358
430
447
325
460
671
847
875
286
226
749
138
626
492
525
266
622
258
515
27
159
613
359
425
420
496
460
106
370
890
687
605
780
916
251
401
921
697
61
852
817
603
827
326
313
830
52
856
675
435
330
581
238
646
639
771
420
102
33
493
856
14
127
477
282
718
841
623
544
149
299
789
528
97
551
702
764
455
617
59
644
654
580
671
298
729
242
343
218
743
629
58
369
5
481
759
344
561
470
740
313
204
286
157
697
709
504
882
142
605
600
679
362
732
531
877
816
489
534
33
391
681
815
477
370
101
8
540
911
449
743
156
199
622
186
91
716
842
266
899
859
141
75
343
220
45
899
344
956
638
769
370
419
436
300
789
46
1018
278
705
583
760
71
904
214
115
311
147
394
226
32
718
284
640
495
384
611
390
310
757
549
513
829
79
421
123
979
718
114
1009
450
964
263
162
921
1041
1087
23
391
684
419
166
404
114
621
716
1008
449
823
493
1052
682
32
1080
1000
479
814
140
910
113
486
44
177
163
472
799
549
748
386
972
126
749
1070
729
513
648
273
168
515
315
415
599
1067
659
397
618
483
851
270
540
66
34
221
861
229
961
833
1091
192
803
806
200
749
72
115
796
121
256
681
12
1133
843
963
1140
104
505
239
432
7
335
364
1109
129
611
819
377
2
430
1035
239
288
35
1184
148
482
722
948
1113
459
5
45
712
569
755
269
320
499
952
386
344
1122
672
856
1097
7
967
690
309
326
115
637
607
563
559
843
626
136
43
278
750
161
92
531
258
1114
111
978
433
1216
713
139
361
351
740
371
403
509
689
67
283
105
171
672
1054
823
1056
544
102
111
406
428
992
783
851
806
455
116
978
1261
375
625
460
1030
1034
392
234
1261
203
180
481
449
389
480
611
1020
451
396
431
1038
529
716
535
300
278
1211
548
556
1264
1152
1239
35
668
810
525
558
1002
523
932
813
583
1243
677
133
944
951
645
952
1231
220
237
1302
460
731
931
374
96
1251
738
826
937
1315
672
575
524
1067
1146
1208
114
338
840
1228
903
481
741
462
913
915
464
1213
188
847
729
1312
1295
1231
72
171
138
563
304
551
329
905
1018
951
69
888
974
1175
1198
185
342
473
1281
276
1215
922
130
382
43
338
482
75
1188
331
102
1146
535
403
540
855
535
816
17
1259
1343
947
113
204
718
576
1240
103
230
269
328
800
1048
973
45
447
259
320
648
229
494
1412
264
1319
56
781
408
1318
994
652
606
755
453
908
97
159
1129
19
775
258
854
488
1077
612
758
1137
1410
224
1294
206
631
951
790
1082
1193
1382
640
458
579
202
1129
1420
139
853
460
170
556
994
64
443
255
1203
429
921
477
946
1451
1127
11
101
611
5
908
980
608
1230
685
386
98
1337
916
61
350
331
138
774
157
308
407
1361
901
1412
549
169
1306
952
529
659
979
389
679
381
628
1005
989
1013
479
1363
1411
87
396
579
685
1463
123
1310
901
1222
1042
1155
1311
479
1376
1080
966
738
897
959
1082
884
563
1231
520
904
143
1165
1341
1418
767
1286
96
35
584
376
166
982
585
701
935
1346
1310
526
90
627
1431
320
352
1184
797
1219
96
646
1082
449
1518
515
1425
13
74
1173
1310
1455
1045
1054
212
1071
806
320
1271
1235
115
204
537
14
1297
1057
822
771
297
1097
711
119
1103
854
1492
1034
157
1182
644
214
1585
139
627
1381
1253
1240
42
208
129
1273
997
109
1531
1409
61
443
817
1038
1298
614
1282
1389
606
241
603
40
876
1466
137
80
65
560
444
1167
75
580
305
1469
1273
100
187
1070
518
386
1487
101
1017
1548
746
432
1471
712
1636
1611
1421
657
840
903
774
1470
1568
1125
438
227
859
1523
844
1098
364
21
853
19
285
1395
1180
127
408
578
496
153
1060
721
90
1391
716
420
1207
432
349
571
505
902
1014
1241
964
661
287
810
14
1400
10
1279
1109
1692
1442
1233
1583
587
783
66
494
364
111
1002
637
571
1184
1434
1215
389
1015
1058
1525
37
1486
531
33
1521
1404
666
636
1133
1171
501
1068
264
790
695
196
307
614
1247
904
1322
414
1313
701
881
993
496
31
1234
157
1614
693
1672
1473
1136
544
1053
474
295
788
195
1706
1731
1764
1183
590
679
70
483
1327
800
1658
302
1490
896
1350
1689
1602
116
1330
364
630
1451
67
1502
184
1106
188
65
91
923
384
94
1767
449
734
1224
940
201
495
1134
1167
246
299
1565
207
1059
1508
1130
1652
8
709
1637
528
979
1128
1452
1462
532
960
1511
816
366
653
583
59
419
1378
123
1423
689
111
225
736
1729
1000
50
1597
196
1424
633
217
1436
1610
813
1694
4
161
1461
985
220
1065
1812
168
1464
663
166
1857
1291
1424
609
1308
727
1502
191
1640
1526
960
1523
287
834
229
1353
33
428
1228
972
1683
26
1455
498
253
889
264
274
298
573
1090
1098
821
593
1244
738
425
578
169
1193
1069
1763
261
216
465
1267
1241
303
195
57
1526
1777
1171
53
1440
1351
908
457
221
1321
1211
708
1347
1555
1526
367
798
1581
1005
1058
1194
838
1433
888
1143
970
825
1758
676
819
1725
193
1248
1124
719
1034
904
1519
1406
71
815
97
369
251
548
183
512
1882
269
1131
461
250
1365
399
1166
155
768
1057
248
107
956
1956
1739
641
473
214
435
1899
460
1495
1148
1346
1476
1601
66
1856
1459
935
1083
942
444
1443
372
1538
876
915
972
1544
457
980
245
1621
798
1726
1732
188
1422
15
189
906
1349
1018
1304
942
712
1969
332
1737
49
694
1958
1259
549
974
441
1795
920
1163
434
1661
554
1756
659
714
1411
1755
1971
626
1219
174
531
1809
1554
1993
1239
1830
1766
538
759
286
559
758
363
477
1603
1699
747
463
1928
1455
147
459
196
1792
1326
1686
546
1108
998
1335
388
532
461
1620
425
1539
2035
1458
638
1188
641
1965
2038
1011
1947
808
613
1739
1220
1813
409
842
580
1000
726
953
1532
677
794
1532
824
547
431
1888
1991
63
407
1121
970
1217
1553
1270
2039
1478
1598
506
1076
1032
817
2038
756
2039
202
1077
196
11
722
1151
90
1826
1653
825
1309
16
1525
323
657
1226
1948
482
2057
2121
1987
505
1403
196
835
1623
67
1701
315
323
1195
1280
987
707
1944
33
1438
233
1364
1429
892
615
721
742
1884
668
977
1182
63
63
1636
526
620
532
1194
70
1283
269
883
128
1423
1195
338
1230
877
1377
510
1002
627
943
1880
885
1935
143
1941
141
1905
92
2024
1997
903
384
1591
1782
1538
48
1308
152
2157
2061
1909
942
1270
757
509
1096
987
1870
2173
1260
1034
1403
772
1597
1146
2180
762
2228
1894
947
1297
1777
1032
1320
1078
2007
1172
372
208
1289
579
102
1541
1167
1786
1426
815
1232
606
987
1516
1784
1376
418
924
81
1530
1032
975
527
1445
1080
1850
1758
1926
1624
67
1739
381
1385
2209
1289
2212
1269
1276
2224
2030
2089
312
980
564
992
1511
1427
1812
1631
1390
2091
1077
408
1573
1970
1691
1739
417
530
103
1719
315
2296
1535
1815
576
1722
2015
234
1505
1351
1923
1083
2127
626
2231
556
1416
503
1992
1239
1636
499
1030
1586
2041
2157
860
142
352
2167
1665
1626
1017
369
1469
37
1308
1500
835
2024
1675
2256
1978
2280
556
1638
1653
1167
1168
465
977
1109
494
1115
1701
2214
744
1230
705
335
887
25
1089
1401
832
68
158
1020
922
190
1884
1727
1365
813
1888
431
1794
1709
1342
715
422
405
949
495
1590
1678
673
1940
60
167
157
446
1497
518
1341
1395
1387
1905
2133
547
106
1394
1978
1148
1505
1501
209
457
1775
1084
1380
2093
2091
605
2221
365
625
1603
636
1266
2053
1304
2131
596
254
2420
1794
1236
513
362
1027
1571
1589
2317
384
1743
2263
1700
1130
1341
1765
1343
1881
2236
1384
13
309
744
140
80
2294
2235
1024
196
1293
1624
435
2234
1156
1213
2134
1307
2416
1123
1949
1871
1538
2259
736
1215
1252
1147
229
247
361
610
344
2217
2107
1864
2387
394
288
969
835
471
1711
1659
773
2126
2150
826
2085
2110
1441
268
321
1575
178
525
951
1002
911
261
1608
2374
3
1951
964
197
1074
2420
962
1221
1337
2353
903
1388
1409
597
246
608
1773
1866
1044
767
1360
1638
610
2069
1431
2080
1683
1708
1854
953
1762
330
1861
572
2275
743
2425
1045
869
2245
603
1306
1430
600
478
157
144
916
1614
602
2318
194
2312
1592
1299
951
8
645
1071
2423
366
2231
2377
107
351
2453
273
2301
1819
2082
1053
1248
590
1512
976
1743
1375
788
2068
1764
486
2257
2096
1273
161
1674
413
2350
1417
2540
1174
387
2435
2192
1100
1655
1799
1449
1993
1812
1515
1364
2190
870
1076
1417
433
2249
2519
2161
569
2008
1911
1576
1960
367
1964
549
144
1587
2514
712
1362
631
277
1612
2342
72
2162
1081
1806
1424
1417
1411
1786
1227
528
2627
1160
1047
533
1061
589
1930
123
567
2637
584
2495
113
1207
2132
1967
218
1492
816
225
2402
2060
1499
1892
2588
2584
306
959
1686
2069
596
1941
58
436
798
2036
223
1157
2197
1730
33
105
950
2565
2261
2380
540
144
1773
2516
1772
1758
1315
1668
2598
1756
2323
487
2639
1854
149
1398
585
836
2163
2665
1662
1328
1928
1065
2259
188
1046
265
1037
2170
2618
2599
169
389
2466
1931
222
1549
158
1351
24
85
2373
1857
64
839
1545
704
305
1146
2474
702
1070
915
112
1290
1370
1388
1584
37
723
2217
1736
1988
2077
2023
1052
2050
2690
1603
1908
2240
2742
14
947
1214
818
1822
1178
1535
2731
2265
754
445
1904
1633
1398
2025
1976
665
292
441
1625
2087
870
2611
2556
824
292
1412
886
2699
212
488
1610
2054
89
1008
2547
1167
687
767
913
247
915
2567
562
2445
1259
49
35
538
2053
782
2728
2054
1404
114
2794
1842
2365
22
484
420
2407
2756
1922
590
2594
646
1390
2191
321
1677
2209
1794
239
1701
1762
819
1158
456
2655
93
2833
217
2828
230
1779
2036
7
2411
496
700
1570
1862
949
2790
2560
975
1754
2570
2446
1930
680
1617
688
2600
1939
882
124
1049
2160
2179
1594
255
292
2526
2562
998
691
152
1541
1612
261
421
860
941
437
129
2768
1539
1903
1947
1479
1105
2827
2558
2331
2724
1550
1444
1284
1111
560
2684
2458
1
1523
1227
130
1205
2211
2642
748
1736
1043
2074
526
463
2047
284
79
2454
1302
1549
924
599
1538
1280
822
1648
2350
750
836
604
271
2117
2145
1538
2461
930
1436
1922
2220
772
1662
1755
1275
1761
2000
2708
1516
1198
2729
2907
2710
82
1087
1136
230
2206
62
1374
1031
789
1293
751
2349
741
1766
168
1096
422
216
2450
1526
1071
2844
781
100
579
2945
205
2724
358
2216
2719
1381
1241
1222
2698
2191
2122
163
2670
1634
2378
669
1221
1105
2853
2857
2087
317
2516
2726
1763
1704
1751
512
2774
1723
91
181
2640
2415
18
1351
1670
1903
1444
1488
570
2580
1660
115
1589
2795
2755
1573
427
2195
1720
2952
1350
1507
1260
2758
1662
1482
797
1830
1997
2675
1447
1245
1150
2827
2910
1652
660
973
1020
2967
1312
510
1326
1144
1145
1257
790
8
202
2724
1774
909
2494
123
1667
1676
1785
1765
2420
1882
671
2949
1548
2820
2672
1243
46
695
1653
303
1654
2898
2145
2644
42
328
3003
169
569
2570
1987
556
1756
2666
1295
2696
242
21
1622
1377
2495
2356
898
3049
1940
1442
1249
1053
1879
2970
2464
3012
2313
2639
3055
15
1534
3033
78
262
2709
1621
150
1322
3097
2901
414
2160
458
277
280
1957
2107
2892
786
1254
1415
1711
940
1177
497
580
1122
2640
889
805
2851
2839
1540
1597
191
2781
835
2598
439
2455
468
1584
1999
2863
2809
1685
2500
1530
2822
342
765
2060
2842
158
1120
3089
562
2077
1576
313
2972
3118
346
2947
1777
2878
3084
809
2374
1736
247
1219
2088
266
1741
1442
1458
2682
238
1575
327
1037
500
604
1925
288
1185
386
3006
2425
2381
225
58
2072
1626
1243
2070
2459
1850
1955
1275
2661
729
1957
1869
1311
1467
1373
1787
1016
1500
501
1087
3043
2972
2534
1777
333
3106
3071
1756
2133
756
3100
1200
1781
1918
2680
912
88
739
163
1794
1714
2082
1349
979
1005
2001
83
3129
1545
3077
811
515
2274
1627
2750
1673
610
1715
3245
817
1343
1158
995
2887
1711
1207
2514
42
481
1161
240
1270
1715
667
2420
2870
2522
1296
2945
952
2378
1737
178
2132
796
779
858
589
2687
2808
2855
419
3171
3307
2617
2803
611
1498
3184
2965
2894
2056
2650
716
1072
2180
98
1561
1920
478
3282
1585
358
1506
3186
2815
275
1100
785
1174
2716
1719
2275
1947
2565
2251
1399
2374
30
2764
2059
3129
1537
1970
2131
1630
1441
221
606
2307
1389
1963
1139
1125
1327
1853
18
2597
1549
972
981
138
1249
1620
25
2329
1921
844
2281
2743
1254
484
59
1284
838
426
424
1251
138
2351
281
1276
1367
3214
1107
1899
836
1976
251
1517
1554
2304
1306
877
1856
1766
650
8
2200
1763
1150
1859
122
94
1255
709
215
1205
884
1632
885
1844
322
1245
1114
1725
743
1985
743
3213
2676
2063
336
9
1518
2063
1203
2458
1638
1281
3167
2992
3379
2944
1552
1942
199
3182
2869
2691
3181
2907
3220
1387
2482
179
1898
486
239
1564
2144
2901
1862
2719
3178
2107
1702
1574
2049
1678
3308
2356
2140
1567
695
245
2178
2819
2036
2014
2000
260
95
759
1858
2524
1889
311
3102
520
42
716
13
1465
1016
1771
2960
232
1544
189
1832
2628
2661
3193
1814
3410
1887
1160
1924
2163
134
1583
604
3393
1655
2734
2419
1341
630
3391
836
776
3249
699
1392
551
1555
1023
2265
3445
3468
2798
669
737
2032
1580
2245
2043
2767
368
1570
481
1764
1085
2917
754
945
1702
2672
543
745
2093
2288
3251
299
2079
671
2858
766
1761
1682
974
2554
1681
1779
1847
1998
134
1711
2635
2658
2945
3050
2098
647
40
2693
2238
1608
2368
2454
982
3476
2529
2602
434
557
1879
86
193
547
28
1563
3123
2557
2844
708
2426
2455
238
2488
448
16
2795
551
2573
1734
2336
1404
3273
3481
2118
3347
82
2980
2885
2790
507
862
3535
1856
1715
1511
1947
1202
2915
3365
927
732
215
1362
3126
720
2394
3323
2233
3483
2677
1514
838
3620
264
279
1665
1037
3002
3420
1950
3100
897
1727
2571
1011
146
2868
1591
1184
3630
3319
601
2737
446
1103
780
2599
775
1736
3171
1625
416
1771
1131
683
395
1043
80
1441
1311
553
2654
1656
2365
1267
1641
1445
3519
2290
1956
45
975
1019
1968
2279
3088
2807
1797
562
2027
2670
1867
1744
3201
3600
707
1507
2784
1864
39
760
3019
582
2465
3117
2329
2460
99
838
3238
264
1673
2692
1706
480
2827
3271
2961
2602
227
1363
186
1090
1539
298
1470
721
3063
439
3002
3307
1032
692
3424
1729
917
1555
798
1187
2744
3300
3467
1119
1192
1367
688
1383
1448
2315
2099
3591
1569
587
1465
1663
2227
2173
2314
2199
2699
3659
2487
2044
301
2488
2324
3282
576
2586
1108
3110
1980
103
1596
3295
978
199
3170
3355
333
69
1750
695
3387
2589
355
2771
2233
2926
718
1082
698
2112
625
2474
1494
3674
1620
706
1314
1368
2937
3441
3394
3029
2232
1519
3020
2094
2135
2333
1180
742
109
2426
896
2517
1269
190
137
3262
1166
2881
365
353
2728
1762
2028
1498
3174
1345
1311
231
877
2123
959
2625
1423
2295
3031
2132
2867
880
1417
1428
1961
1806
898
2517
694
433
1226
1033
277
3269
2887
2637
627
3551
2087
2936
1621
518
2091
2035
2855
1949
2591
3818
3202
3296
1569
3721
1126
1789
58
3789
322
3534
708
353
1179
1848
3191
3176
1205
3070
3384
3103
1331
2382
1047
2944
3111
34
2131
3610
591
243
1803
1756
3677
3730
3215
2747
1723
1184
881
1611
2685
656
1867
3075
3551
1726
2365
2209
274
1555
2349
2253
1090
2658
957
334
3209
2437
75
498
767
464
752
672
3564
2356
3119
3427
3528
2880
1971
3387
2457
2645
2359
270
23
2716
3069
3366
3391
2396
1986
412
201
2460
602
322
2087
3029
3654
3641
420
1604
1772
950
3188
1391
3718
3831
321
854
2521
2747
2014
460
760
3794
3872
1969
75
3285
3211
322
478
663
529
2523
3030
2138
2844
1997
3542
2048
366
2972
2435
1492
3602
3915
3613
2146
3894
3113
3174
1123
840
358
2274
3393
554
906
3822
3420
3870
893
1715
3198
3476
332
2613
1699
3753
1027
86
2785
725
1768
864
404
1728
910
2747
2615
3544
14
2610
3174
2823
482
2253
1983
3243
83
804
2943
2343
3428
2643
1422
668
1763
1326
1185
877
856
3453
2560
2145
1619
2350
2114
702
3939
1922
2710
449
2636
123
3526
1658
993
3398
506
3239
235
1016
2198
1896
4000
2418
2591
3538
2359
787
3440
1184
1739
3406
1067
2232
1902
3436
3635
1614
1520
2338
2519
1663
2616
4023
1203
3654
3362
3654
3982
139
786
227
3213
1779
24
1059
1943
1969
2837
3532
3760
1437
1061
3345
808
3268
2984
1870
2653
2692
3710
2752
1650
2672
974
3574
435
3896
1142
235
2579
3130
3081
2713
201
2862
1797
4100
83
1733
436
1152
3407
3719
1221
3612
451
722
2870
1107
2443
3100
1428
2756
1431
2
3533
773
2734
2707
1829
851
4157
2273
1176
2618
570
2029
847
776
2867
2440
1653
3157
3195
2995
2324
1847
3930
3064
3944
344
2798
2061
1979
2804
3527
4168
901
3068
1857
1526
1118
460
748
79
2058
1467
893
3047
1773
3866
294
424
1947
1859
2676
2872
417
753
4046
3883
1877
1624
554
1966
2810
538
3092
1072
1880
2530
953
3637
3842
1075
1005
204
2632
3778
3489
4052
503
243
1174
3480
1247
1954
1899
2939
525
2247
2329
539
2381
3327
1895
176
602
2912
1525
2662
2967
942
1060
2747
688
2835
1190
674
3366
1225
667
3310
374
2536
4030
3649
1433
1704
1446
31
1960
254
1321
2511
1386
1892
2435
3835
2786
1839
2298
1167
1049
116
1441
3501
3345
2344
3176
3353
2187
3145
2926
1031
226
2573
708
2977
1612
2353
2111
1531
777
332
2326
106
2141
28
1426
1076
2075
1002
3664
1545
1364
113
3422
3193
1956
3127
3876
2787
4267
243
3002
3176
2418
1247
560
3659
349
625
2206
2795
24
3715
850
932
869
2175
25
775
2829
3326
1447
1252
1116
2970
359
2113
674
4062
2374
1681
1795
2358
2480
3073
3871
2485
258
2091
963
2839
2735
4324
3975
2416
4103
196
1684
297
2064
1432
4383
1580
40
3095
3878
239
286
4002
1555
1482
984
15
4199
1265
531
4271
2241
2612
2662
1930
3407
4144
1468
4115
4275
4175
1435
973
3046
702
3258
4374
1658
1668
2925
2265
3458
3132
823
4153
542
3805
4041
4010
2854
2875
2909
2435
271
1885
835
845
60
2499
3039
3671
759
4095
1040
1866
2040
2578
4091
1467
581
3211
2415
4306
4287
3703
154
3225
267
629
2490
613
3625
1775
367
3827
2817
1631
1496
3708
1303
2495
2778
4375
1977
851
4073
1300
2214
2959
796
1503
4137
704
2306
2113
1709
1736
1193
767
2060
3661
3237
899
3595
973
1223
3834
800
1846
585
3524
851
196
3565
334
4385
1327
140
2778
871
4309
2007
4003
2637
737
3465
4273
382
680
1247
4102
1782
3155
2765
2854
3145
4509
1265
2133
4164
982
2525
315
585
132
2537
484
2224
784
3448
3610
2459
566
192
4199
3226
3392
4090
536
32
3034
3588
3327
4372
4157
2046
2196
1799
1834
1621
3133
1220
2280
3738
4059
1313
4018
4020
2310
3358
2056
638
187
3332
502
3916
2116
1175
2860
3347
1949
643
2161
352
3595
596
3410
2622
958
4376
3556
3446
1578
761
3250
188
1055
4106
2146
2364
3306
3274
3269
1304
634
4159
736
1047
2481
2126
2673
188
2447
1004
1407
3225
3746
3318
4563
4311
3513
3848
517
856
2081
970
3940
2647
3223
665
3256
3765
460
3165
2175
3498
4378
2575
4270
574
4582
1540
1621
3873
4418
3886
3775
591
4497
3315
2319
3811
3094
680
2129
564
669
3728
2246
1675
1361
2225
993
1103
677
3998
3307
2789
4574
950
759
2867
1405
2243
2521
398
904
1962
326
3140
155
1755
3928
650
520
788
3551
711
3044
67
314
3541
3405
2663
3330
448
2149
974
2745
2470
626
3568
918
3059
1543
2227
2195
1747
1029
3632
2967
3398
2683
1725
2472
1101
4186
1551
2243
3427
1155
3066
4492
2425
1449
1174
1455
3622
3654
1364
4540
2589
4395
902
2711
790
4358
2299
1661
3641
2932
3943
1032
3102
1811
1225
4153
4208
1497
990
1412
1378
2038
1373
1028
4744
4094
2887
2531
2372
3883
2273
3191
1223
2954
4220
1256
784
546
1572
2095
3680
3168
4624
260
3115
1811
137
80
2234
2312
3928
2592
906
2897
741
247
4005
4661
4654
1213
3208
2882
3709
794
2980
4309
793
2518
2356
3595
3254
1564
2234
4662
1974
3348
1061
1704
4603
4673
2002
3382
566
2346
177
1579
1066
4507
2464
3189
4222
2311
2734
1281
455
20
4788
627
4094
512
4651
294
3640
639
673
76
3238
3990
1049
1984
1679
3855
1162
1484
2248
4355
4388
2339
387
282
1849
3558
236
4346
1660
2652
4120
845
1991
723
4346
3492
2585
2640
178
626
4623
2918
4824
2842
1615
4030
2278
2963
2564
71
2605
4608
1410
3050
521
2061
4152
1080
2003
813
1190
3812
919
211
1375
3485
2326
619
671
4834
3245
1068
862
3525
1103
4050
1473
1941
3895
3473
1375
1020
4778
1059
1973
3987
4404
3042
2093
75
1964
2555
506
884
3805
2801
2686
3768
3057
1985
1457
1178
1137
1287
2614
4715
2871
4556
2331
510
4340
4033
1694
3141
2666
1851
1310
4409
3547
614
2218
2018
254
3009
2856
1694
4001
3742
1674
4214
2724
3996
3002
3361
1893
1549
3015
2295
4201
2652
3956
3693
2074
2740
4171
472
4570
965
4407
418
1190
1845
521
1034
1194
2631
3082
781
2196
4622
522
226
1455
755
1682
287
114
4816
4142
2416
1289
283
4386
710
4787 1123
1810 41
1417 4445
1238 3284
2 774
82 2173
4619 3591
744 4616
1904 469
866 1272
2048 3077
3770 4488
3857 119
4887 13
1142 2598
4211 4666
3606 4391
1644 108
3799 3248
3320 4727
2930 1275
3812 2800
337 2059
1045 4381
4926 3765
2136 2473
3486 1267
8 2117
4086 2245
799 3195
92 1049
3959 3573
161 2661
1032 966
982 3674
477 2214
1349 3708
1378 4076
1481 4431
393 1431
1969 1052
1725 246
9 2812
910 1265
3305 2172
2295 4015
89 25
452 4769
4389 1454
4800 2071
534 1676
4438 1769
3890 3314
1230 2761
1181 2397
4930 1271
1320 1017
2129 4613
1801 2793
228 645
3722 2995
3040 647
2726 4495
1011 1135
4001 394
1506 2943
4720 4230
4818 329
2498 508
2246 2911
29 3669
1457 3622
2883 2525
3508 664
438 2313
2906 3721
2554 219
433 1333
4290 4379
844 1464
2254 2048
3983 1470
2195 2103
3051 1276
195 347
2579 2486
7 1446
3589 2419
1035 4079
293 3550
4425 1805
167 4870
2560 3451
1148 448
2997 4460
3046 4835
715 1392
1031 604
4080 1552
1223 515
2248 3063
4653 1742
2797 1025
600 277
2303 4360
3422 4022
4729 3885
4428 4914
348 244
55 1895
3992 2243
299 703
2032 4740
2418 3897
653 392
3775 4863
1070 759
1323 1536
4775 2654
1880 102
2687 3384
4797 1202
3710 1032
2689 4967
303 2789
1299 716
4346 3487
3169 1046
4397 1881
4951 502
4124 2464
267 3118
783 179
255 554
1475 372
1407 173
2035 4110
2827 3737
3425 678
1534 3747
119 2383
2760 4246
827 3281
4577 4287
3779 3945
4176 1865
1397 4327
2611 530
2658 476
1775 2549
2595 4779
1043 754
740 1906
192 3643
2857 1816
3739 3032
3039 1033
3286 3189
4364 4968
3099 3066
4993 4468
3835 2803
1302 4638
1143 3793
4671 3210
3788 4642
830 4196
540 1860
4737 1245
2235 768
2918 1694
3895 2740
3380 2620
996 3313
2812 4613
1359 935
2863 4930
4713 3197
1833 2005
2478 2125
4183 4580
4630 1783
4733 1271
4236 4421
1043 4543
4646 560
4217 4119
3948 2545
3240 2896
2748 986
1491 3143
3172 1734
1062 3146
3562 3525
677 2131
2193 2885
3561 963
4141 1222
319 3603
1585 1348
4449 3319
3007 3531
1520 3388
2032 798
3026 556
4132 2640
2113 3671
4172 215
1037 4876
869 2101
4683 3441
4376 417
4021 71
1433 1878
2764 3657
4933 4770
827 2038
479 3025
1526 4821
2564 2835
4227 1169
2245 3075
3319 1405
109 346
2548 4985
1396 2836
3162 3150
4843 1049
1788 2559
1585 3894
4708 1080
1206 493
3825 2035
2886 754
624 4761
615 440
3337 4942
151 2156
1212 2040
2392 3079
1436 4049
869 4706
4586 4499
690 2021
4165 1491
646 1856
2952 2617
756 4078
940 4287
859 727
4368 3344
1915 4613
3470 28
2417 345
1057 2297
4245 278
3548 1747
3753 4518
4355 1751
2436 3093
1768 4036
4472 2107
3455 2732
2985 4765
2443 4946
464 318
3005 3963
3470 570
4978 914
117 3171
2276 4919
2315 1328
3580 2400
1016 2450
4798 2427
187 4937
2989 306
4351 2127
4641 2448
2948 3779
1382 2035
2571 4736
3712 3802
3482 4975
2059 2265
825 4531
1759 1443
68 4291
4004 503
130 3741
2938 606
1933 209
2301 52
3075 1692
4095 1045
3588 1022
2422 3754
1253 4254
2823 3300
4733 1476
1691 3920
2550 2847
3322 3892
3854 1448
605 2425
4534 1463
2192 857
3019 3013
2487 2131
2707 1178
1328 1060
1898 1151
234 176
2086 4742
4141 1154
2895 4633
4698 2592
3108 3217
2171 3083
2378 1528
4710 2478
1942 4288
1207 4308
1140 4437
1340 1110
3512 2097
2780 4357
3830 2503
3338 1549
1614 4906
623 3155
3226 4294
4142 4633
3514 2495
980 1392
2768 241
1496 4077
3264 952
2255 2038
2418 2018
3267 662
2795 4953
2356 519
3848 2629
2495 2224
3420 4049
2159 4512
3868 684
2473 1034
4058 3675
4349 1146
3431 1981
1145 3046
3685 792
608 2760
2019 2506
2684 1867
1057 4154
2583 691
3143 3296
80 4498
4290 1538
2796 3065
855 4313
4379 3500
994 2044
3268 1769
3969 891
2156 2618
4892 1510
2395 4601
3536 3566
87 980
3077 4172
1221 3737
1421 490
1245 2539
2510 2343
4582 3837
2033 3839
2858 2302
4851 3489
1731 2638
796 2563
4102 665
1775 2571
1207 2786
145 919
1517 593
1830 2312
2423 616
2344 1642
4455 2922
2873 2031
2654 1181
907 2668
4760 2889
4357 2268
2353 2457
985 1268
2105 2466
1260 112
332 3026
142 660
3557 1779
99 4244
36 8
857 3399
1485 2399
3906 3466
2379 472
3332 3426
1940 3653
2512 4932
4679 3186
3960 3264
4060 2942
1244 2027
4451 4826
1943 3636
3871 1946
3333 2938
2604 2154
3096 4395
1887 1291
2875 648
3821 4806
3054 2415
2335 4321
3283 865
716 2807
1497 4022
1711 4420
591 2349
707 946
4619 4913
668 3677
4556 1960
2295 14
4780 4173
1293 1166
3546 2105
669 1609
3399 157
4424 2565
448 2819
1632 2563
491 462
1811 3869
2973 175
404 2937
1291 3234
2699 4197
4456 2712
4278 875
1751 2029
3648 2159
657 2501
1841 4327
3352 1923
4999 2394
2677 1378
523 252
727 1488
2727 2897
4726 2968
1774 3375
735 1558
4796 370
3528 4424
2344 282
2199 3707
671 2351
3214 3796
2652 4128
3713 3897
1396 1296
3451 2191
2414 4162
2110 2452
67 519
4225 4951
4978 326
4079 2599
4568 1467
2702 2466
518 4802
2205 4168
2395 4461
1194 4086
875 4277
3706 4247
2032 862
2218 3736
2024 1375
4126 2386
1055 3160
3584 4790
2639 3411
3107 2748
2934 1936
4944 1197
3679 4260
2969 2050
2698 850
3844 3764
680 2990
2139 2589
330 2325
4929 2862
3234 4992
1919 2843
156 1883
3649 140
3774 3281
4186 2077
4126 2562
4191 1649
2475 2272
3042 3514
2702 1286
1382 3820
3698 2810
171 523
1330 4324
1274 4249
4618 1375
219 1285
682 2393
1772 4793
4326 1070
1038 946
688 4841
883 2150
3410 709
3866 2864
2375 176
2758 311
722 1769
2387 3329
2313 2908
4675 2106
1683 3444
3872 2161
4255 2801
1275 373
2703 2242
3037 91
709 4372
1427 3860
453 771
3695 4693
4459 1569
3429 2662
2238 4461
2419 3271
4406 1533
61 2311
4090 4607
3384 1368
277 3628
4749 3568
1473 4982
4144 537
2820 1932
4273 1307
2267 843
1978 3967
2780 4688
355 3127
128 3195
2323 1829
4281 2758
1096 274
1201 4295
1073 1784
3691 2265
753 2202
4597 4034
1206 1450
3966 168
1067 3547
1140 1405
2211 408
1706 629
1464 4028
1504 2382
3739 4164
1923 4856
2948 2002
4303 732
4915 4971
1058 1281
4352 859
4034 4629
3425 1751
4938 1905
2194 3540
2361 3424
1314 3486
3915 666
3955 516
4869 1380
3426 186
2859 2434
3984 4102
1612 399
240 4471
1176 116
4346 3027
3136 1328
2887 4577
1000 1839
78 1542
4841 1661
791 3051
2633 173
3229 1646
655 1109
1033 720
3161 276
2381 480
1040 1336
4726 278
1695 1153
1039 2258
2184 1410
4033 1742
4032 4841
343 3409
2188 4132
2265 4238
1628 2470
1727 2700
4526 746
3560 1343
4982 576
1747 3943
1892 2070
3943 4367
271 345
702 2169
3385 948
1423 2048
3691 2655
116 62
4939 2644
2481 3095
746 2750
87 3397
3003 1027
3127 1845
1017 164
2730 1827
3704 2154
3577 4626
1174 2123
3881 1974
1411 2037
4737 741
3480 4970
3031 787
1092 2261
3303 4885
381 3613
3221 217
2837 943
1974 164
1738 512
4178 4300
1866 2163
1669 1463
3686 24
2086 1490
1791 566
3775 4519
4143 42
3686 2169
2274 1840
1715 4626
4236 66
4779 3544
2172 2207
1924 2291
2001 3269
4211 2666
2540 4234
1378 3966
399 2759
1102 598
820 679
2920 2597
273 4606
954 1929
2570 3493
2052 477
3792 3989
4375 522
4384 1394
995 2361
3367 4187
4684 525
4973 3222
986 2671
2215 913
2145 2545
650 4775
4981 2334
2005 4503
1906 2849
230 3123
4308 3118
4375 2440
3667 2199
3706 33
3481 1496
1779 4193
3422 4845
4182 2776
1659 2866
3352 2478
4006 2874
1434 1814
2350 3076
19 2981
3424 11
965 2123
289 4677
4092 2112
4741 4687
138 1211
2103 2263
422 1623
289 2122
3805 3104
1382 751
3570 85
911 499
4179 3477
4771 1150
1076 2927
50 2398
4648 1212
4692 963
4356 1576
1725 1394
4534 1273
4700 4214
1862 1687
3349 2756
2181 2133
4331 2278
939 1542
1354 4395
125 1308
2644 3796
2479 2405
1138 3522
2541 1063
101 4766
2129 4574
2485 4633
2448 355
930 581
3141 4767
2169 4443
4571 4352
962 2079
4077 1531
2032 1369
1904 1267
3720 774
2076 1352
1470 3030
3910 2212
1452 3095
2682 26
852 1242
1895 1848
3871 4348
2915 3119
2823 2712
3169 4736
155 1770
4911 2137
1681 4367
2381 1408
337 2756
1027 2112
3406 636
4411 2378
3264 2174
2367 421
2161 1430
2284 2937
1189 4411
4847 4176
117 1457
2094 2590
909 1648
3682 91
4 3092
811 3046
3253 2398
1037 1668
4204 3347
3858 3609
3482 1908
313 4495
3253 3238
485 1293
3434 2186
1449 2241
4828 4640
2394 2169
1809 4527
3405 2295
3211 1152
611 3515
2813 1572
2121 2181
926 4843
4533 1211
4635 1951
1191 1783
4704 2536
1996 1149
3510 2233
3009 4027
4772 1819
4814 4826
4327 4137
944 4757
1244 1683
2659 3408
4480 831
376 4914
1606 2796
2876 4277
4368 2873
753 302
825 262
313 4992
1675 3865
3128 886
965 4852
4257 2401
55 652
939 1430
2784 3957
2534 2108
3840 3245
4673 1308
778 1551
21 4626
3220 4992
296 4403
4666 3487
2555 4103
3839 608
3716 2113
3694 1730
323 2221
2937 1770
3575 370
3015 2311
4433 23
3827 2263
4428 211
3947 2210
4034 1167
3542 78
4427 1383
777 1578
3306 250
3268 4672
4464 3341
4216 508
4541 1478
2036 1098
2883 2576
857 3911
2790 819
3034 1622
137 110
888 2014
2139 3303
3877 1346
3298 409
216 4505
1310 1760
2808 3015
1673 377
2524 4308
2598 1782
2073 1459
2904 920
3966 3758
3428 1949
4637 3736
609 1365
2347 1035
1254 3688
1818 1763
373 826
2236 67
2240 217
3732 3511
1121 1438
647 153
4878 2370
1817 4895
3756 148
1501 2453
1867 1896
1932 239
4659 4513
3338 4410
229 3770
613 211
2429 1082
904 3896
3695 3230
1895 3782
2967 1612
3820 4059
925 1901
3457 3197
1105 3481
4127 3426
3324 2394
3335 1441
2719 2498
2078 105
2071 1022
862 4785
1785 2568
715 2224
3507 1663
3275 2902
4612 1162
1010 3714
516 3893
3772 3533
3927 4946
2940 2943
2173 1203
149 176
230 2367
1055 2226
21 1708
1053 3333
3538 781
2668 1347
2596 707
3966 1390
71 2760
3224 1334
2050 4586
2425 1127
4508 2045
1612 98
1953 2644
1031 187
943 1881
1493 1635
3174 4811
4257 2383
2167 1928
2036 929
2651 507
2417 1749
600 415
1903 2503
3624 4013
1431 1579
2914 3618
2015 2357
1429 3757
1989 2202
2458 136
1120 870
3626 1412
1435 4911
3856 786
59 2930
3984 535
2732 165
1303 1615
527 637
3029 3230
695 241
3057 1450
1988 1710
763 3141
4151 1165
1848 4171
3631 1458
2097 2542
3667 877
1941 2842
1713 2678
3833 3518
831 2573
2829 183
1312 1448
4449 4316
2473 2217
1623 1965
1412 3519
4274 421
4301 700
3336 666
4227 1598
4540 794
2153 2226
4231 457
1246 566
4672 440
1058 3589
1905 2352
1906 4553
68 2607
1373 220
3078 3458
3367 1511
4283 3476
1038 1415
618 406
1844 4020
530 2552
2677 4044
149 630
3873 352
2596 1614
4572 2045
2499 2297
300 4094
159 2233
4890 16
1269 1634
2973 3942
3965 3443
852 3134
1238 4887
1922 4819
4875 1919
1678 3940
1895 3306
3548 3093
3398 4536
422 989
2428 3299
4383 2584
2993 3344
642 3286
2285 2372
782 2436
1728 3554
3117 2129
3285 4708
1405 2923
1008 2328
2950 3203
4982 4765
725 3214
332 3797
544 2685
587 3278
1851 2600
1002 2116
1363 3695
525 3425
2153 3681
2372 4224
1794 3888
3159 646
436 4556
360 2698
403 103
465 1462
2365 201
2512 14
1458 3078
3112 865
1368 85
779 214
4374 1353
1469 4953
2880 501
394 197
3730 3115
2802 3116
3432 4846
220 2973
302 4362
2712 30
4163 4144
4818 1523
4804 2862
2756 493
3102 1046
3611 3629
2651 2822
1141 1755
793 248
4985 4475
895 963
2472 2175
3545 681
3106 2427
1798 2146
1636 1204
2785 194
2985 3218
109 1950
46 2841
420 1557
482 1610
1522 1644
3342 1039
1925 874
1729 1079
4839 2798
2968 2519
431 622
700 2514
4165 3841
3228 897
1397 4638
2981 1022
2022 3399
1054 4925
3732 3825
3769 3893
1434 581
3487 2422
4347 1467
1443 2828
2771 973
1170 1787
4714 4987
1609 4018
4025 4582
1792 1892
208 526
2166 1877
2007 551
165 3939
4412 2353
3311 4541
188 3840
4232 4624
4333 108
3566 791
4251 3753
3967 3955
1290 233
1370 3748
356 416
3873 4918
4322 4809
4829 984
2720 432
610 3945
3109 15
876 339
3472 2077
2082 4308
4657 1547
2 2067
3959 1921
4862 944
1022 113
214 4535
556 1609
2630 2039
4187 4503
488 2334
3633 1512
93 1951
3670 1978
1857 4630
4326 2931
1316 2779
1833 2834
1816 2006
3927 4404
4599 1546
3511 1745
2533 4701
1073 2640
1767 1030
2915 1688
58 3176
4337 1481
702 1302
1449 4010
2412 1783
3678 2724
62 981
4411 1615
4767 2520
4074 420
539 4728
2629 2314
2416 1891
4013 2741
532 1540
657 1812
840 4549
82 2242
1766 3286
1068 3015
2328 2190
2039 295
3689 4497
1375 604
1543 3778
1673 4560
49 1331
984 4605
3109 1475
1598 4288
1486 88
3534 387
908 750
2930 451
4228 1598
3120 2657
3314 3962
2811 2628
4180 1319
3215 879
1761 1972
4652 1703
1577 2371
4383 4233
2558 381
3406 4409
4964 1139
4170 3525
4189 4866
2834 3139
1273 1270
1933 4968
4548 2307
2280 3692
3527 4616
4689 818
1964 1549
2219 411
1884 2966
3444 2413
3403 3793
4131 1680
151 3260
3925 170
4308 3242
2634 4860
468 816
571 2581
3829 2922
3551 2205
2571 1660
3759 4932
624 3518
310 2923
2737 1183
4213 2659
1907 685
3590 1662
1773 2964
2895 2099
2352 1014
2521 1613
1085 82
4138 958
1957 2527
384 32
4927 2130
423 29
373 2142
1140 3999
4752 1956
4779 4618
2334 524
4486 825
104 3635
447 3918
801 1573
2272 1382
2316 1860
3169 628
589 1633
1658 1557
4755 883
650 748
1308 4942
2583 4311
1858 398
4198 234
2572 2100
1341 3162
960 528
4151 3068
4063 4335
88 295
2290 279
241 4952
2148 1241
3607 4309
64 4646
1375 2867
452 3230
4861 1515
2989 724
261 2051
206 4158
4329 810
1235 2379
845 358
4011 4742
3751 4769
4054 178
1130 3424
2146 3910
2045 1102
1100 4788
1576 1689
3990 4341
1087 2484
932 2327
2266 445
4747 4769
3747 1191
603 3725
1106 3890
1676 2023
1165 2130
2360 3270
3652 2838
3560 457
1749 666
2498 2852
3427 886
32 1635
1724 2768
1780 2006
1011 4160
3171 3029
2243 4875
2584 2582
4245 138
2251 1437
3124 1691
3577 3675
3823 2816
4597 4954
1007 943
3895 23
3377 1963
1388 1729
4590 2672
3871 1202
497 4236
3847 3524
2585 2180
2936 3301
3312 637
1158 958
2235 4212
1848 2384
4162 3584
1553 800
1530 1863
2709 4893
3842 1486
2794 31
923 3949
2156 994
1764 4545
2070 2396
2660 4876
1805 3179
625 2522
4679 658
2297 4670
2397 566
3695 965
3725 4116
152 4264
739 157
1510 2160
3144 204
3244 2029
4363 2104
1820 2328
64 1277
2710 1178
1574 1384
1705 2995
2094 3330
1159 2255
992 4028
2412 311
4568 4813
1055 4276
4257 4224
4036 1217
3800 2473
3033 2098
4301 425
4176 2655
286 592
861 1285
708 2259
1344 2623
1305 3326
2325 2609
3946 3219
2346 3645
1698 3828
3544 3402
1152 1837
2814 2026
2514 2550
818 3018
1321 3727
3313 2895
1047 4557
3130 4079
982 4252
3070 4270
450 3253
1650 586
882 3763
960 2521
2428 3120
2043 666
2087 685
3506 2481
1732 4938
15 3407
2551 4954
2984 1553
3123 2875
4581 3191
4716 988
4147 1936
1825 1744
2880 260
4737 3155
2760 1322
997 674
1096 1540
1038 3095
2745 4384
1368 4629
4159 2792
3968 3921
675 2195
1986 1810
3701 3701
4775 3499
3342 1917
1348 686
1573 2686
1222 3531
3216 32
3573 497
4830 2944
4758 3268
899 4061
2190 944
4675 2684
1555 621
4842 1223
2269 348
1332 1601
2333 2456
392 1109
3477 3528
4482 4832
4897 2204
1538 2004
1020 4854
799 1014
1614 3348
375 1210
196 3691
2571 1581
2912 4150
3215 636
531 4566
3432 939
2416 3172
2073 2008
2987 4205
175 2882
3098 1126
1203 2884
3363 2569
1137 1102
2750 4582
4015 3357
3316 1469
1743 1122
648 1546
4488 2497
3029 499
1082 3371
4520 598
593 1638
3191 3214
2340 539
1474 4120
1662 1153
2553 2953
333 8
4319 3395
3929 864
3637 3367
3439 3235
2914 4492
3862 4472
2409 737
2714 841
4756 2631
2432 3696
2720 4307
2553 4653
3984 723
1098 3659
239 4111
1298 1516
4088 3082
966 1922
2944 32
4026 3528
4478 1538
809 2056
1553 1664
1879 3974
4780 3503
3341 1404
3742 4491
1973 1823
2365 4038
1966 2315
4995 2402
3226 859
369 4883
2478 323
2180 3137
2762 1289
2349 1413
2465 1345
4733 153
2251 4840
1792 389
1737 3588
1513 4567
2417 2330
2199 2882
4924 4095
1791 747
4267 4715
4250 1376
1785 2155
2521 4841
3485 558
2381 4716
3542 3499
3148 4100
388 2497
1305 2337
1381 1902
4290 1358
3053 1204
1848 175
2666 4881
827 321
1623 4517
668 3615
1478 2410
3231 1634
2924 4591
441 2224
1951 278
462 2960
203 215
4374 3573
926 3604
1720 2713
401 4390
216 1780
3856 79
1461 21
916 4842
4566 3456
2886 2840
4343 2721
2926 2557
4006 2120
4342 1274
4499 3910
2960 4947
367 190
1071 3780
380 4735
3869 4816
53 2665
896 699
2215 3607
1818 2785
1969 1236
538 4101
4512 1104
2693 3374
3334 3925
1633 1679
2244 3453
2811 630
1965 3463
4015 4816
4308 89
2984 2395
1889 208
4921 579
4073 2558
2427 1889
4444 4163
3767 4145
4858 1343
4311 179
1456 2870
713 3981
375 3582
1260 2647
2391 3765
2925 767
1170 4159
1859 717
4027 4726
1338 1393
2177 2146
3189 4380
2407 1316
2344 1525
662 2949
2221 4789
2484 3828
2205 4036
3039 2312
4930 1133
413 1651
4706 4680
1094 1656
262 4824
1388 2878
1524 948
833 3132
4674 1
746 1952
3076 4855
4131 4763
3215 1002
1611 775
1007 3301
233 4220
3334 4370
1415 2847
534 741
1670 12
2545 2274
1667 4262
1127 3812
2344 2836
4800 1639
3734 2734
3738 3352
4937 3880
2509 4068
4036 3398
749 526
2727 3834
568 389
2486 2185
2553 3733
1348 988
3716 3773
336 2582
1227 689
2103 4602
1608 1936
650 2199
843 4601
3609 3421
1599 3449
3808 2722
3264 2833
1608 545
1384 1438
97 1907
1642 2968
3808 4600
3366 4775
4484 1719
2711 115
733 2796
1025 4979
1854 4058
175 3480
1442 298
940 2827
2749 2714
2424 2404
4269 3697
2349 3445
3497 4426
2955 4430
4120 1352
3977 4954
3437 729
4668 2922
786 2277
3565 4072
483 1128
718 2703
3356 4142
37 2329
3229 4215
837 2025
1189 1428
3457 2090
245 1264
378 3095
2590 3306
2611 4893
374 3
2691 1078
1742 4459
394 1735
752 1937
728 3348
1200 1682
1282 4067
3695 3240
4847 2310
2544 3431
4282 1733
3445 1885
1000 75
913 3553
4757 2696
1780 645
1642 1615
10 4014
2265 1936
189 3580
4964 1561
4284 2365
4955 3833
908 2678
1765 1709
974 2125
4521 3182
4513 4857
1717 2083
2714 3435
4951 2379
4153 97
1817 2165
3389 4408
2818 628
1331 4401
3619 4085
1083 4432
3688 4403
4403 2825
3176 4269
1048 3716
1222 4765
410 1691
4857 893
1312 320
1152 2710
68 3740
554 2657
448 4590
813 4673
3328 3545
4461 4960
1994 4378
2464 1
4796 3616
4400 4102
3189 3204
2089 2955
1943 771
2019 3346
4187 369
3673 3905
413 1601
1155 4153
73 75
4594 688
3111 868
690 2129
1579 3028
1389 1835
480 164
1725 919
1358 3846
2177 3974
4392 2354
1308 4651
1283 2998
2411 4860
4389 3342
1198 14
1922 2396
392 2273
381 866
2010 298
2397 3389
3989 2025
3694 1684
1247 2266
369 4922
1127 495
190 2408
1796 614
1169 1414
684 4223
3971 3267
1457 1969
4811 3580
96 3405
3692 4905
4629 3074
97 3334
2305 2979
1686 337
1725 1286
4736 1735
2004 1639
1240 3772
4059 4341
412 4314
1396 2090
2215 857
1981 4040
1179 2209
4642 1114
2139 1764
3490 4129
557 3455
104 2481
2784 154
1192 3420
1435 3382
4686 1276
1062 3391
4641 4534
4205 1954
4805 5
2722 2464
1553 4157
1465 2355
622 3346
2595 2625
42 4432
1587 3135
2436 836
861 2576
1952 3010
3296 2214
4709 1960
3185 3920
2126 2731
2434 2844
1822 1497
4635 1847
463 2007
272 1883
1980 4492
3546 3848
3933 1085
691 15
2771 2026
868 3682
4509 1161
3921 1072
4963 2690
2216 4888
1065 3835
4685 1523
710 1540
3178 175
4429 3413
3589 2449
3315 927
722 363
1851 4025
1227 526
1934 2020
533 4193
871 113
2765 2659
686 4449
1075 2694
1979 45
1934 3549
4318 3792
1352 3255
4516 1497
2642 3964
3277 1013
3699 575
4219 484
2325 2125
333 3235
3129 2773
4549 2170
1749 1864
2239 2439
459 4451
4660 1931
387 3275
1150 2195
3235 1536
1684 514
47 2365
1704 4021
2060 4767
2431 1063
1737 523
4032 4534
775 4421
2793 237
2488 135
638 539
2143 1375
2636 2356
2646 3308
2597 1071
3454 2874
1701 2016
882 1843
252 1207
4773 88
4381 1960
4677 225
1447 4532
1136 2082
1585 2280
758 2711
1483 2381
679 4321
3170 2552
1007 4513
1333 2258
4942 4764
3534 3155
4389 3151
699 275
2510 1101
4470 1673
523 3991
3881 2759
1882 3339
646 2405
3728 321
494 2509
4467 1553
32 3815
1924 4313
1756 4046
3413 4878
425 3915
3967 2528
476 1449
3096 308
3066 2064
2810 3372
4991 726
4535 2649
1736 1474
4332 2484
742 2987
4684 4281
724 809
3783 621
4547 3402
658 4993
1580 4880
481 7
3830 2561
3826 4317
2040 63
2539 945
3017 4160
3927 4643
2046 1489
3597 4745
3188 1791
3049 2278
1487 3262
199 2908
3810 2046
4550 4829
2712 1698
3953 1644
3434 4499
3612 2145
2538 429
2637 4773
4623 3007
2664 3594
274 49
2776 3671
1680 3881
131 1035
2297 1503
645 1135
465 378
199 3209
1037 2850
1337 4518
1008 1295
4142 4680
1134 4057
2960 4480
3289 890
4436 1182
4386 2050
55 1855
4650 665
1504 2910
2401 3154
2592 1822
1088 782
4335 1902
2506 2950
4281 1734
1696 1733
417 3521
1445 1373
4757 2948
918 3417
706 958
551 2987
9 144
650 536
1058 4903
2017 1976
2136 4208
4606 4858
1462 1779
1273 1143
1360 4651
2993 3814
212 4373
3055 1168
4506 4615
4000 412
4019 1651
4745 1190
214 3179
583 564
1529 4191
95 4026
69 4630
2836 118
1626 1657
1296 2174
310 3422
4749 1448
2920 2579
2051 2298
82 1641
1373 915
4694 4396
607 3354
4103 3856
1547 4806
659 2590
4860 3726
4648 4375
2178 1594
3189 4456
2504 4153
1331 1454
4698 1068
2940 3660
3259 4219
1818 4979
4766 4879
1899 1666
1587 703
339 1630
4148 3767
4506 3787
504 3334
4984 4060
4152 766
591 3271
793 258
3248 3716
2929 2251
216 8
3005 1987
1444 1605
3258 2542
2578 1644
1563 3365
3978 1446
187 2165
2438 1647
4955 168
958 2556
934 27
3814 838
1330 959
116 664
4650 4859
1308 1958
1354 186
383 54
1587 4521
1988 2155
1456 996
4773 4271
3816 3938
2133 2441
412 2150
3304 4224
4283 4287
620 4535
253 634
151 3777
189 4670
2249 3950
2106 72
2523 1583
4071 1721
3160 2894
3154 3853
4403 2634
1538 2237
1817 1546
2277 2263
224 2751
1080 2139
4849 1911
2968 3722
730 3327
4993 1675
3454 2833
29 2430
2609 3471
2383 956
743 3734
49 2790
4244 1782
2210 1125
793 4513
756 2394
4614 2314
3325 4160
883 2393
852 4726
2228 2844
4631 81
348 95
2467 874
616 95
3851 1028
1623 3651
2036 4264
2065 3524
3113 2724
606 2071
954 3425
2992 881
3138 2372
1420 579
1785 984
341 2413
4791 546
3897 167
3891 2389
1216 246
387 2183
1538 2332
2212 2028
865 692
1109 1761
2183 4052
3319 139
4880 2443
2759 2481
235 2405
4615 967
4301 2077
2977 3477
1687 3818
1350 1792
4938 2581
4559 1655
4000 802
2946 432
36 1605
2646 3252
1460 2695
3730 152
3422 1481
1779 2710
3345 2288
229 443
1965 1738
653 2962
774 4760
628 1193
3077 1244
3518 2587
1367 796
339 2198
898 3912
4830 3125
2686 2649
1805 608
4224 1802
2680 4962
3381 980
2717 3012
348 1252
562 4537
2596 3575
2941 1610
553 3634
4537 2874
1009 387
4770 2340
1700 748
2651 4292
3419 969
4198 4787
4288 2703
3060 2591
751 2176
2669 642
4467 4268
1642 722
3603 1026
4313 817
1982 943
8 4630
1374 590
2046 3708
921 3506
2919 3881
1765 4352
2998 1569
845 4504
104 932
4175 1444
2182 4830
193 3226
4107 485
787 4743
1735 2728
1141 3157
211 3646
3684 2062
14 2517
2898 2905
3096 2700
4140 1365
101 2131
4752 4084
3884 4537
2918 3994
2088 974
3630 3821
2134 4778
4986 1999
936 1318
4270 3513
2778 466
3013 4563
2491 2814
4429 154
231 1309
271 753
2834 3247
4328 3275
2359 1638
4555 207
4186 4539
42 541
3947 3234
4818 777
1380 3931
3999 742
2692 3778
2208 3564
4797 1481
2013 2484
2027 1717
430 1435
567 4526
2589 1006
306 4683
2742 110
4550 3285
3854 3364
3425 4699
2210 4862
1803 207
3194 2898
59 2558
2430 1410
3756 2693
1303 384
774 4610
433 900
866 3945
1175 1693
926 872
1144 597
2986 1109
1953 1056
1802 2774
4635 1517
4141 3154
1110 4061
637 4462
382 2316
2160 1762
2117 3670
3878 429
4945 116
3340 4006
1959 775
2001 3317
1736 3740
807 4737
387 3945
428 4204
644 4879
137 3076
1163 3264
2003 3058
1616 1211
1536 4064
4502 4877
1636 1063
869 1386
3029 3351
3204 2485
1435 4882
3110 1252
2525 427
4901 80
3008 3251
4333 3723
1433 1413
4234 2171
2388 4971
1156 1590
2686 3343
2130 334
4464 2078
1725 2727
2013 682
639 1542
2254 4344
3331 21
4691 1106
398 1300
3902 93
2574 4234
11 4133
898 1861
2378 2199
1179 430
144 2871
1138 2928
2362 1564
1042 1258
1107 2537
4150 1995
2601 229
2078 3270
4827 4229
3710 470
2053 2424
3320 2236
520 1108
356 510
2675 4263
3332 1042
4414 4288
4589 2732
3217 3519
3427 3740
2097 1051
555 2844
2971 283
1271 4936
1955 2854
1366 4246
3759 1086
2834 3192
4647 1738
2038 1784
3568 4364
3112 1915
274 2603
2475 2449
39 3929
1800 2109
1037 1191
3598 2416
2285 3160
4983 3058
1068 2868
1821 2003
3738 1670
693 511
2282 1023
1770 3137
1537 2148
4325 1177
3467 4582
1180 1968
954 225
1857 2940
4952 2991
4485 63
2975 38
3989 853
3662 759
459 214
3527 3984
1479 3936
3119 100
72 3049
4342 2017
789 1595
1240 898
89 2737
3675 1823
3143 217
2370 2618
282 627
4200 3003
681 1176
505 3079
4592 3070
2550 4283
1394 1156
4519 4095
2158 3257
935 2049
704 3882
2346 2288
2209 2763
4338 1819
2441 4797
554 3536
3820 505
1938 1129
227 1524
565 1980
3461 3556
3119 2505
1646 4498
882 2578
4638 4288
2083 2310
3972 2853
1505 4550
245 2239
3662 2525
3152 2712
3274 2041
3788 1588
1747 471
1108 1801
2081 2982
466 680
1593 1105
1753 3163
344 1339
1583 2160
1443 1543
4883 2965
2173 1854
3828 1220
4721 1005
3683 1865
3032 29
4105 4553
2612 228
651 1550
1494 3365
1469 4473
3294 1219
4549 4295
2545 3380
3994 4982
2791 476
501 1617
4845 1199
2286 2483
3473 235
4058 3105
1069 2228
83 3875
869 4890
2889 492
52 1545
4264 991
4820 432
3945 4141
2556 2924
4262 3052
2255 1285
1200 314
3219 1880
1339 4827
999 2407
1541 3615
2361 1735
4499 4512
206 2088
1772 2450
4435 1538
3034 4547
3964 3310
3862 1357
3027 866
2243 3762
1619 3130
134 2968
2493 4331
1940 1381
731 1697
4477 3524
1155 1172
1520 216
2199 4742
726 1425
594 2424
2195 3245
333 3638
4299 4777
2036 2632
2489 4992
4482 3851
4302 1434
4372 1815
1432 2456
3988 1497
4521 4832
2669 1532
2778 765
3007 3380
4255 1056
987 3348
4788 1212
1425 3880
1336 102
1935 2013
409 644
2334 3272
3481 1137
3760 4892
1856 3230
4444 1112
3873 4714
3621 4408
4065 1956
1679 4354
2942 2392
1268 1820
4084 833
2086 3485
526 447
3814 2865
4946 3417
1781 2665
758 980
2600 2490
1642 1596
889 132
3046 4986
1700 3686
3102 615
2919 1624
2379 1121
1366 3186
4747 1052
54 3347
2339 1330
4728 4644
365 1493
2320 2518
301 1204
1574 3601
2224 1476
2236 3527
863 4337
3866 1624
72 1822
2711 4439
2006 338
4945 2852
1138 3531
415 1348
3954 143
3772 2406
1697 4616
262 2535
3518 4992
2328 3353
3658 582
4749 3783
3924 1631
815 3308
1015 4449
999 725
1272 11
2173 4596
2312 4265
1145 4046
1392 1687
3243 3503
366 788
2577 1637
3434 4633
3015 1402
2926 4881
348 4838
4910 372
4210 1660
2740 623
1774 4859
1239 3054
4185 25
949 4732
4806 2755
3991 3170
1941 1423
1956 1798
1351 2422
3616 2590
523 3004
2246 1902
2769 2074
2044 1470
4989 4663
2910 1800
1917 3202
2982 4248
3622 3042
2730 205
1845 1929
1630 1975
170 4183
4516 2697
3257 4475
409 3736
1012 4016
2458 4661
1403 93
4630 2712
2822 1436
4422 1621
3428 3560
3650 252
4628 921
1958 1443
2829 4082
2501 4054
1969 3701
253 1786
623 1597
1235 4815
1609 3124
1864 4429
227 2710
1981 4824
1118 629
4330 822
3963 2959
405 2895
83 1533
401 1303
3447 4333
2573 3841
116 3658
1071 1164
3129 4034
1832 2746
412 4617
162 1806
1641 2957
4488 4870
4252 2025
3852 3394
2458 2637
2022 4188
1603 2814
1756 4824
3971 3090
1661 4870
1121 1639
803 4485
39 1252
2944 1322
4787 80
2279 649
2093 3082
855 627
3642 2704
1667 3818
1808 2516
54 241
1772 532
1110 1375
328 1673
4589 3085
769 2522
2440 357
1808 1930
1929 1742
1375 4463
4536 2534
1454 1245
3098 3975
4438 346
616 901
1191 35
1596 4574
2981 3287
3783 1347
800 3922
30 1839
3044 1789
3670 4485
2941 3964
1157 2615
4479 552
180 3900
1414 3126
1010 1969
2226 999
3234 1172
3741 3545
2592 3117
287 3047
1487 3389
1553 4053
2199 4123
3969 2751
1341 2525
830 3929
1844 2188
981 1193
2691 1140
2083 853
2694 3538
164 3007
3449 486
3875 3384
1226 4203
3554 1844
631 4941
572 4338
3088 2570
2 1551
4766 4460
755 387
2444 3350
423 372
3637 4437
2622 234
4567 17
1844 315
2654 2420
4433 3567
4531 3043
3614 4542
4550 3930
1497 2425
770 4988
173 4935
2416 763
2580 1113
799 4165
2159 1600
2587 5000
3383 1829
1355 2919
2364 1929
4168 4878
606 2862
82 18
2267 1606
740 2613
320 714
1628 1056
3411 4710
1924 3465
4056 3099
1988 1800
1507 1757
1036 597
1534 2110
3332 628
1091 226
471 3483
4939 3717
3767 4619
584 794
1930 3197
3689 822
4822 95
1220 3284
1153 87
3057 2017
2172 4136
2523 555
1872 1715
2130 2838
4082 3399
592 415
1507 2652
2865 564
2019 2044
606 1539
1703 4987
67 3579
592 4368
536 3665
1591 4709
2573 3291
822 2620
233 2770
448 2634
2581 3379
2731 2201
476 534
3613 3360
4934 4284
2349 1597
1413 4498
1644 6
807 731
2491 244
2566 3925
2190 4130
2413 3258
722 2181
4468 2082
1275 1427
413 1159
1721 2105
783 921
2820 4304
3514 4971
2277 4991
285 1998
4727 1839
2381 1540
1846 1499
2255 4968
3831 4478
1344 3004
4664 4082
2723 3395
793 1654
3811 4512
4036 591
1361 3582
2088 739
4935 4170
404 1346
470 1430
858 2326
3613 1720
530 2084
1051 1066
3785 2370
4416 2298
4289 4764
71 3821
2371 666
6 992
3738 2549
2489 4519
1306 3410
1804 409
1409 1653
2791 252
4637 1562
1215 2893
2030 55
1370 3787
4556 982
2331 661
1780 306
4248 4464
4608 2376
2424 2365
2669 4737
1488 3635
57 4620
2384 897
2212 2081
738 4287
4822 3971
4250 1973
4842 3646
4364 299
41 1209
3682 1291
2634 1965
2797 4796
4192 648
3535 4617
3748 1859
3879 3129
2085 4930
2292 2592
1886 3437
2069 1654
4871 3930
4672 4015
3006 3494
993 3371
1599 508
3877 1606
121 101
928 2658
3580 3673
1468 179
440 4956
4452 3571
3063 924
2800 1136
3438 3938
1049 1611
167 143
4015 3826
4411 2113
2112 3601
1982 127
1748 468
1364 3017
4191 416
1083 2899
4471 2931
3984 780
4503 592
3358 2977
4763 3615
4796 1439
141 2941
791 1802
4472 2664
4720 4423
1154 1654
1407 4033
175 1495
1256 354
3035 3807
245 3031
3144 4273
2236 186
3530 2656
2498 1954
1391 4639
592 669
1619 564
446 2425
2818 464
141 520
4751 1563
1481 2754
3229 4213
239 231
4948 4168
3770 2565
975 1516
292 4206
2531 3827
2476 2510
1546 4191
4843 4300
3185 4464
3068 487
951 2450
2963 1835
3271 2422
1276 75
1799 136
2600 4337
3922 2898
1291 3788
3267 3423
4865 746
4548 1001
1675 326
3677 311
1572 1875
1816 2457
4521 1018
3653 1990
1017 512
3586 3929
4025 3572
1893 4991
2635 71
2149 4228
4367 2245
3749 735
4906 2883
3051 3907
407 2106
4120 1415
884 347
3224 727
2062 74
829 1668
3215 568
1839 843
2655 1844
2943 3722
2952 3938
3860 2992
4255 3967
3501 3949
984 3340
3016 103
4217 3345
1563 3438
3426 1307
1857 4987
410 2505
1967 3821
710 659
4607 3523
4254 1748
661 4953
8 386
1488 4085
1370 1547
3187 3937
3674 4475
3693 518
2271 2259
350 998
2622 3756
3667 2083
3446 876
4443 4463
1269 1848
3274 163
606 3395
4182 2060
267 198
3969 3539
3056 4137
4663 4091
4632 3288
296 608
668 1393
1640 2926
3512 1333
573 1160
2512 2086
753 1059
436 4840
1888 2322
424 1226
4996 4331
3503 4871
4511 1913
4121 3072
3296 4252
1058 1956
4547 4734
3501 1547
1714 2271
1145 2319
4304 267
2578 3516
3512 3058
4835 514
2073 1088
1579 169
2477 3574
574 4
4522 3137
766 4552
1184 706
1233 4527
1900 1782
2956 4544
276 3527
1648 170
1484 1442
3844 3577
2689 4122
3867 1623
884 917
1640 3943
586 2509
111 3606
4681 3970
1118 1962
1701 4494
3444 224
3780 1242
1448 465
3846 943
3925 2981
3545 631
2900 2235
1140 4364
243 558
4651 1865
2869 3988
3402 841
1827 3860
1637 1236
3537 3550
3880 2033
4827 144
3650 968
1089 413
1296 4679
2961 720
2887 1608
3804 4946
1305 345
2756 2657
3436 4052
3925 3841
2895 4720
3208 823
1311 128
2240 283
1873 562
2527 22
3176 1114
2616 2053
2689 1880
4283 3533
1181 447
2004 959
3512 3376
2436 4589
1040 431
925 2526
1151 4515
56 1958
588 3668
1674 4154
2183 4928
3070 1307
1060 199
4228 1305
4370 1136
1731 1201
3301 4355
2642 2778
976 3448
4702 972
4999 4552
1383 2322
4843 2579
2019 1602
95 4945
447 947
4203 2501
4691 4014
1439 4039
1053 2344
1107 3024
1921 919
621 68
560 3930
1498 2003
4975 1062
4352 2800
3042 4838
1299 4942
984 2035
4727 2647
4095 1933
4678 2096
3 1104
489 4585
2916 370
20 1801
3086 1748
3790 458
2526 4504
766 2464
4761 3754
4644 2159
38 4402
199 4086
4919 2408
347 3295
2851 480
2702 1745
4400 2409
354 1087
3264 4377
3349 1474
3465 163
1655 3460
3930 2307
4052 239
571 353
2388 1910
1204 4133
807 9
2872 3746
4324 1239
1107 4909
259 927
1049 3472
1914 3392
3545 4378
685 1962
1843 578
2338 4844
934 1708
52 3880
533 4034
598 4699
1762 3175
810 3625
1668 552
2762 1433
181 2332
4455 572
4735 638
3088 4180
1600 3648
2278 2939
851 3745
2693 3745
3321 330
4277 2227
2784 3150
1026 1008
2171 1697
249 61
1442 3131
501 1659
1627 3652
2512 1359
249 3730
2229 1731
4428 1480
2422 2756
3129 2826
3313 1596
2804 4590
129 2264
1539 3461
1930 1916
2044 891
3748 1429
106 266
1652 4767
84 3030
1240 2649
3463 1677
4729 2158
1493 3733
3838 1749
165 3922
3526 427
789 4160
1126 727
4326 2598
300 3030
2927 740
3819 1289
4956 2078
3529 4740
3193 3417
3101 784
3025 3582
1412 3867
4188 3981
4366 4470
1224 4476
4164 103
614 2503
3141 800
3681 602
4098 1632
523 3949
3094 1881
2761 3863
2714 2322
520 1022
2912 789
3664 422
678 1939
3063 128
1429 4151
1113 2637
4795 1088
311 804
4934 2115
989 2152
1090 1761
769 2549
2092 197
4137 1092
1760 4928
259 309
608 4672
651 3348
822 446
3369 32
2573 1008
1257 664
1490 1679
1535 110
2616 4057
946 4337
1709 3593
456 1829
3151 213
2474 3342
259 1736
834 69
1247 889
2570 2617
486 4597
2279 3642
996 1705
318 451
4058 3002
3942 3654
189 1920
3254 1652
3426 4600
4376 332
2029 1281
14 2596
3234 825
2595 4582
4467 2113
3550 1965
3204 2430
1131 1401
4483 2122
274 4606
1043 1251
3580 1763
3467 753
1467 466
2451 622
945 3163
3535 3041
4004 1015
2751 2035
56 3618
3333 230
1030 927
89 2587
1492 4770
3170 123
1949 4306
4725 3752
658 2486
4459 1517
4680 90
958 331
3812 914
1436 3813
2773 4862
4072 4110
1889 1806
2725 1346
762 4752
4916 3234
3018 1240
616 2252
3941 3671
1656 131
615 2663
4221 2690
4766 1173
396 2463
3016 200
782 3366
191 578
1734 858
1996 965
3179 3011
4043 559
4039 4213
3902 2089
4431 4270
2628 4228
1587 2842
283 157
2232 1434
2443 2307
949 4122
3293 4198
2275 1218
3980 2010
1777 1152
3443 2236
2582 1995
2712 645
3704 4355
423 1853
645 1151
1001 1610
3544 2711
1191 1624
4790 3588
3977 1723
1537 4708
3540 3803
4508 570
1332 2647
673 4462
686 22
3408 1513
4689 1945
504 4164
1861 1093
4875 2089
4293 2160
285 3393
4025 1978
1077 279
3408 2294
4815 4758
2348 2008
2889 3839
1054 2849
4701 861
3411 1977
4319 3997
671 500
3695 903
3889 3625
625 2722
2119 791
3307 3072
1940 4384
934 3013
855 1531
2177 4334
3005 1756
3482 4887
2498 3151
1111 3254
2700 85
3028 1630
200 294
1805 742
4106 2592
3750 676
799 894
3378 1604
1709 805
481 3581
1982 2123
2053 4637
192 4784
4703 2332
560 1498
3653 4607
2096 1283
2903 2510
63 2718
2098 4912
4808 1091
2460 2253
3806 2198
1697 1141
3110 4223
4798 1919
765 1397
540 4164
3284 4388
87 701
3449 2705
1512 1258
4304 4067
4663 1180
1425 1037
3341 4173
220 4313
3385 743
1850 2375
1505 1131
4542 1414
780 2715
2261 3554
1310 2545
4121 4351
1059 1506
2684 3997
4215 1837
1187 724
1382 2472
2696 3154
3039 3725
1493 171
4974 881
1726 968
4779 2694
4102 1875
445 4873
3764 738
3466 1710
3168 4482
859 3242
2561 5
1188 3346
4841 4031
1786 1594
3363 2150
200 2761
1171 368
795 4387
3535 2162
4461 942
4581 4430
3695 3209
1421 1428
2618 3650
584 612
3383 319
3457 2
1661 616
986 555
1956 3507
3458 2976
2032 1607
2567 2633
2304 1661
159 316
535 2659
699 1158
19 59
4685 4816
3644 2029
3993 134
415 4128
4058 132
836 1310
39 657
2556 2385
4094 761
15 3424
4311 2950
1077 2319
557 1663
3419 4158
3568 2395
1792 1440
3558 1968
4625 4502
4643 927
2786 3045
831 2250
4879 926
4879 4649
4906 1085
4158 273
4900 4204
3574 1630
505 2961
4233 2610
567 2349
4533 2271
4280 2582
815 817
2913 4863
4015 4128
2522 4126
4085 2317
1998 23
4778 2706
2677 2215
851 919
641 4
609 1170
2941 3867
1772 4206
3173 2513
3561 936
4561 2934
849 14
4596 1967
2748 2432
693 3643
1374 932
1371 3065
3705 2725
2430 2064
2451 3979
4924 246
3674 3929
2017 69
997 4371
627 1691
852 1798
3141 625
291 4540
4497 806
2875 4560
4564 2085
1865 3872
908 4044
4787 3625
309 3902
2248 1446
4709 2188
4648 2756
2021 2511
4116 1200
1593 1361
767 4826
2338 1301
4621 4558
1178 364
4426 4720
446 4154
2503 3784
2259 4784
3616 886
2578 2451
2378 4416
694 380
643 3218
2361 1890
3346 2429
4009 1997
4593 2707
128 3756
4863 4866
4701 4065
3827 1447
309 3771
774 1261
1342 2709
2177 2710
3925 1109
519 1392
2310 3280
164 3516
2028 2580
4214 3203
4010 2438
2778 4690
1841 4300
4818 441
1635 4862
1662 3230
1239 3537
249 3230
2814 1379
4917 1623
318 798
4361 3287
4956 1103
1410 1265
3439 942
2792 3306
4235 2659
467 1047
156 2927
4901 362
4515 769
977 652
4909 3034
2805 2332
4530 3347
444 641
1148 1117
975 2885
1073 2969
4509 3946
3594 2553
1233 2162
1061 1630
267 305
3408 3844
537 3885
4615 3707
1750 2018
879 1064
332 2543
1388 67
1527 3805
928 882
2442 3145
4069 293
3750 1223
1845 3899
4999 1601
136 4990
1178 2017
1750 475
2692 2676
245 125
349 4423
1597 2873
1333 782
2018 292
1165 1178
3754 356
4153 1667
3856 93
3116 2623
432 3990
1797 3098
2540 2907
1360 2294
3758 2692
1184 268
150 4837
3372 3756
4095 695
1552 3610
1021 1679
3750 4386
1610 1789
2044 3460
3546 2216
4055 2627
1714 513
1480 3299
1928 3917
1438 2737
4823 4582
3605 2608
114 2724
3813 1393
3292 2672
582 4458
4501 874
602 538
1600 1108
363 2636
3290 1574
3872 2274
405 3139
610 724
4622 4388
3963 3202
3227 4451
857 278
1889 2035
1592 269
1461 4470
1326 1935
66 663
506 4
411 3993
1671 4018
1977 4215
102 3629
1335 2454
130 1303
1212 752
3416 104
2368 4819
2158 1806
963 545
1859 1576
994 2664
1696 2056
4060 2197
869 2480
3156 2036
1839 1535
1695 3484
4977 2012
4993 1561
993 2833
1563 41
3436 883
3535 2420
4500 2057
4327 2701
624 1996
4403 3582
3453 2710
3794 619
2100 382
4531 4350
2284 4290
4340 3323
1585 998
915 2244
2997 1060
970 2656
127 1236
4832 4903
3721 1071
478 1945
4126 302
2088 2232
3900 1425
853 3283
462 453
1584 957
2197 3260
8 509
1015 1259
4292 503
3184 832
4539 3523
985 651
19 204
3439 1295
3881 620
4998 761
1264 2838
885 3672
3325 3764
4683 4389
2019 1098
2386 4597
298 2418
3514 3420
3206 3786
210 2709
572 939
3203 1335
208 4403
2813 4818
3269 3366
1103 3123
341 1608
568 4028
2498 1774
955 983
3123 3765
3667 3556
2779 3723
3491 1897
2551 1525
505 818
3343 1033
3668 2593
4398 565
4852 3367
581 3191
3929 1468
4005 3430
2422 2244
3932 393
1327 1747
2306 1095
169 1105
4291 230
49 4897
648 4600
1047 2231
4698 2763
3428 4217
3942 1504
2571 1079
2024 935
2428 365
3137 2408
1462 4945
4154 4461
846 1984
2630 510
4331 2318
410 2813
4220 3885
2633 339
2660 1429
4150 691
460 4253
4776 414
2834 1730
2541 4734
4713 942
432 2399
3249 3930
3965 2722
952 3559
1208 2580
1905 4672
3216 2406
3964 1348
1529 3591
1174 4764
2714 4439
2435 2312
1260 3541
2513 1503
3581 3860
3591 2582
4244 401
4422 2872
2901 3984
14 3287
4111 4855
4188 290
2989 1083
4170 799
3250 1810
3503 995
1216 4233
1185 4024
106 2511
4561 3990
2560 4881
3798 2390
2507 935
2165 3386
1466 4351
1095 2313
925 1873
786 1466
2048 3211
4421 2310
522 3278
2103 1291
374 896
3239 2742
2609 3699
241 4656
3398 2733
4231 2333
1046 2202
4206 3425
1668 3831
4187 36
2424 1849
4086 2368
914 3758
3461 3136
2266 1649
2740 3691
2949 2548
2052 1145
723 464
1361 4141
1518 2417
1249 4868
3037 3848
1586 1117
4786 4729
3443 1881
1737 4982
317 4573
2147 2755
1963 3165
3682 333
4496 1412
973 676
240 2938
3750 2080
3042 4956
3314 2299
2604 170
2312 3043
1424 2533
2534 2179
477 4296
2112 154
1257 4296
1507 3604
294 4471
1161 1416
1458 2309
4678 1834
116 4544
1115 4802
