2000 1000
1296 1844
1931 1385
650 1070
1703 582
1502 92
1183 132
252 1265
542 1702
230 1303
1432 1488
515 552
1891 801
577 16
660 310
674 1842
769 451
1881 82
603 1335
626 1363
1566 821
1768 659
1547 1035
1240 974
1976 879
1509 655
858 666
1306 745
813 1812
1525 327
1443 1702
1891 849
945 1671
1471 1571
1293 587
1804 1585
1602 726
513 437
401 1708
1004 1769
1406 141
421 1984
1362 1374
1814 867
226 554
326 757
1318 553
625 792
919 232
808 1594
1978 1687
1204 64
1150 1463
1984 549
656 33
243 842
1348 1819
1795 1608
1191 1003
780 185
752 758
1865 1178
1028 1727
1897 1595
1725 220
963 121
1562 354
688 128
725 1936
256 1038
1876 140
232 1963
221 1180
579 1783
515 886
697 1740
986 122
561 210
632 1408
489 1869
5 1909
1996 648
324 379
898 1255
1708 1836
1162 1810
851 1320
403 803
1785 874
1466 1333
1227 810
1818 222
1525 1882
607 1668
1662 1419
71 1750
972 1201
429 1053
1883 1013
1820 1905
649 1173
689 779
1923 434
747 487
891 1726
1312 1582
1967 327
1445 1911
803 1409
1690 1726
258 99
1520 728
642 1058
804 1259
95 1332
1639 1220
1683 703
335 1988
1177 1212
360 294
1203 1115
1482 906
1366 129
1672 819
626 1045
1960 477
932 646
1135 1197
603 835
1891 1283
203 1506
1522 874
1392 217
1065 822
1829 972
1410 1728
955 32
1079 674
138 1771
1580 737
1955 1015
580 1024
952 1760
290 1638
1493 1656
1627 1607
1442 187
1725 456
1743 1028
1305 829
1385 329
1455 1844
1597 1749
1406 177
1253 448
1994 1316
98 1923
1690 384
798 1863
661 498
1001 1490
923 1457
632 256
1744 354
1858 1680
769 958
1772 295
1960 516
1455 1746
1613 107
251 1178
255 812
546 1801
1326 585
774 806
1868 457
1549 1170
1565 1612
1264 1161
1780 235
487 1572
292 1254
302 366
1256 1832
1267 1579
1311 1984
652 74
1508 272
514 1246
1055 202
1898 1313
898 1472
1401 1298
444 698
284 255
703 199
519 1272
973 912
1069 1460
74 591
1225 703
1487 726
1889 237
1914 1919
866 757
1073 860
154 218
1635 1899
945 961
763 201
1235 1505
1920 856
775 1360
459 1480
1078 1125
1961 637
1401 246
1278 1337
1296 413
663 827
859 586
239 25
1056 1416
1194 102
1565 499
459 951
858 363
1291 1094
171 91
857 1912
1916 249
1350 1818
594 934
182 219
886 701
1260 1903
998 1789
1250 609
698 474
1813 680
914 481
358 1360
1449 1162
573 1473
1967 1486
1367 188
1528 1988
561 354
477 969
1306 747
1116 629
1968 1847
1773 1716
1730 101
56 39
894 646
1233 1510
396 1438
1580 1449
750 604
850 900
1140 1423
918 1945
52 357
1250 1969
96 389
571 553
190 1172
235 1149
1885 726
593 1201
1425 1519
706 506
921 541
293 268
1114 623
1019 56
1723 542
657 1443
1795 1954
1134 867
90 1671
1196 1139
118 366
1296 1519
782 120
1346 1244
1283 995
860 287
1231 1782
560 717
1351 59
814 534
520 4
1693 1140
476 1668
423 627
961 1372
1524 1443
1467 805
703 84
370 1627
227 1879
1341 1930
429 312
1860 1444
1862 1602
1344 1571
429 1251
1346 1530
1300 1095
605 851
516 1764
767 779
1111 1254
321 513
1257 501
1981 1566
1541 1826
1296 1590
1231 1446
1152 1006
403 7
1300 30
890 255
81 506
18 1158
172 1490
907 38
1791 602
954 1011
499 925
1266 1925
55 191
257 56
539 1573
1202 406
1277 1903
751 1984
1204 1800
1143 1444
1594 1288
1356 600
731 1791
1630 1075
966 611
1827 1704
1427 25
989 681
566 1726
1820 295
147 903
1690 644
1289 1668
1890 1762
1370 99
483 869
611 1913
1022 387
468 77
79 1302
1079 604
296 1032
1088 481
824 1607
1801 504
550 1992
978 1178
262 1190
696 1042
1289 1267
1666 1136
182 174
961 255
1423 1470
957 1701
116 1579
1743 1023
1641 1158
1366 192
94 599
712 970
1428 86
560 411
815 1076
713 1454
1520 1011
108 370
43 72
322 1715
1986 864
391 214
1402 579
1614 777
400 969
965 666
1682 1463
1794 742
1728 540
579 1071
535 1757
695 1896
1488 574
1961 1068
1517 1801
591 777
595 373
567 1149
1937 1709
216 613
208 602
1731 1976
1330 599
406 995
692 1823
528 959
88 1497
844 172
1724 284
902 1718
1064 474
257 1629
1345 133
1976 648
1696 271
523 1943
1463 794
1022 1467
1755 1541
394 791
884 914
1224 909
1319 1051
1467 1989
1998 373
1842 432
1649 1049
88 1857
506 513
986 534
1978 940
238 242
1567 1695
479 609
1488 87
1854 760
1621 1504
16 171
1627 1232
523 929
1665 1395
668 421
787 75
558 1253
1544 1184
1948 1027
1517 726
761 832
728 1258
738 76
1064 1887
1942 972
1350 1600
1583 134
54 1989
7 1007
1261 587
1266 827
1708 296
1985 651
1118 989
233 629
750 1352
275 1522
204 1034
1564 465
1043 333
1150 1873
1463 1454
346 1709
721 1722
1406 82
1361 86
1285 226
1866 1873
1493 1072
1932 1094
1286 1572
730 1205
1691 943
430 346
1899 1992
1323 1880
1593 409
628 1252
92 1953
1368 679
932 251
1181 1110
1929 1219
1029 183
818 1259
1296 1243
1164 481
1295 478
880 523
52 1072
445 1117
1288 377
999 1095
546 803
965 467
1753 1196
6 1572
1938 150
1404 1720
190 178
963 503
1947 756
1704 1499
259 836
579 229
1233 1251
1164 704
1668 1310
941 418
1851 705
300 575
994 910
1522 1667
1379 1075
251 1397
1675 1491
515 1752
1602 346
1625 934
283 1052
31 82
1526 1179
1441 1076
1874 1990
1590 1056
750 244
927 768
499 516
1244 1
1471 1039
630 239
1121 1120
957 21
208 1958
340 1433
55 1727
180 863
1113 398
308 1625
1151 1442
864 109
1413 216
36 1562
1269 298
362 1158
985 906
1580 963
1919 1876
1946 1674
426 1847
172 1943
1570 525
494 1337
1838 655
243 582
1447 32
1867 1259
641 638
34 1811
573 274
876 884
403 1094
777 1310
1020 289
946 734
991 1294
1486 1373
1369 755
1563 1097
916 1737
613 1747
393 1408
1066 195
388 246
157 1162
1322 1502
642 1071
1549 588
1210 1833
1052 417
782 881
599 1609
116 1420
546 1434
1288 1421
1273 359
209 567
428 1398
1916 861
1131 99
1128 1821
114 387
542 1003
1022 1858
1880 1511
301 207
223 51
1962 628
55 1895
374 1411
1183 941
1689 887
1013 1127
370 1637
296 1963
164 218
1462 1638
1509 606
1088 980
1939 308
493 1340
306 1811
1100 212
1560 1091
1322 1246
1740 1347
189 913
1163 1786
1377 865
1019 1679
1279 1762
1384 1097
1414 1568
952 478
1630 883
1494 1501
332 1345
1599 1046
1362 316
1619 465
1474 1993
976 753
1088 1561
828 1411
1131 946
923 1047
1806 1196
844 461
830 1899
149 273
449 695
1471 708
1334 283
884 22
588 385
557 1998
803 1303
532 1005
1858 199
1353 392
716 578
1438 214
1741 1706
647 503
1755 1139
1731 1640
1967 367
399 1258
1088 825
910 1272
1104 1191
483 805
283 1484
1841 309
390 1709
1514 1671
1690 565
562 172
1188 1374
1455 1801
1948 109
630 684
938 1062
722 363
363 26
1186 183
454 1162
714 1526
110 1559
1160 1541
494 788
591 942
1354 1238
116 205
919 843
1713 1154
1662 102
1294 709
23 887
372 1202
1461 1250
1348 1224
894 265
1988 1585
1116 1877
1535 1214
463 1789
143 333
1931 1334
595 1039
283 1904
1879 1663
1537 1674
774 1138
1185 505
1867 1059
725 1886
258 1052
961 1650
1428 1474
1359 1532
711 1649
1627 1688
52 1459
1472 1918
1601 1315
1843 746
98 123
1746 240
1923 758
345 810
560 388
1055 357
1301 1357
635 1209
654 964
1283 309
1277 1024
1871 910
626 471
966 221
857 1583
750 1682
564 1066
1620 1328
795 701
1962 484
401 272
1488 62
942 794
431 1535
1867 116
845 1288
250 1365
1256 1275
622 1329
1760 1433
1876 974
1807 1523
1693 355
961 1647
191 1714
1909 1655
469 1396
362 1209
1470 1246
1067 581
155 1941
203 1759
458 597
1055 485
1102 139
1836 793
1733 1746
351 343
866 1160
667 859
558 1149
445 1964
251 1632
1370 220
1676 1539
1941 1249
304 1676
49 1736
524 105
1589 749
301 832
1491 863
103 1012
106 1194
1235 1721
580 948
1957 995
1531 1685
1541 1209
1349 152
1145 71
1830 1901
1503 267
1903 1003
306 797
794 1855
1887 594
1508 842
196 1886
751 1727
554 1081
1280 152
1661 1836
1619 930
67 1380
88 272
108 1680
246 1907
1553 777
1904 1728
607 1026
156 1008
208 752
363 842
857 748
1618 1969
824 1904
1140 1603
48 920
476 548
16 1169
1176 174
176 984
1985 1518
986 1349
603 797
1494 1766
1868 1663
1540 1886
882 1439
316 1894
956 1557
241 1173
487 1333
1494 1680
299 1995
1105 1444
1666 254
824 821
439 578
1228 3
1743 286
1550 1126
931 821
1326 896
929 510
836 1036
1611 21
167 1196
1048 1605
1639 1002
962 2000
924 621
1907 704
49 1479
224 477
1960 1476
208 365
1116 1720
52 1677
1529 1130
1014 490
266 1906
1526 39
1859 1040
36 1821
1795 1011
405 1446
1503 1594
1929 1821
1869 1970
543 556
1780 326
716 1072
393 894
1601 1903
1752 1998
477 1996
1211 1762
590 482
1981 1511
1170 341
1447 1966
368 443
820 1310
487 426
1074 10
862 1506
1611 632
816 977
293 1222
691 1264
402 133
667 262
1829 1915
802 1042
546 415
907 38
1991 1179
1031 1259
1346 1923
409 369
565 1380
1136 212
1334 1190
767 1622
1807 151
932 633
1976 1774
146 251
1561 1613
1587 96
19 1407
1571 1290
563 1849
1624 957
1851 1553
1036 118
30 295
780 532
363 1864
285 1916
987 1494
519 465
402 633
430 1358
1415 1129
1595 792
1678 1816
1311 1050
1737 1510
1825 1192
526 1463
146 1435
1793 1901
535 454
556 1029
1593 1910
1673 480
201 128
1455 1129
483 1378
1385 15
349 1051
1564 1178
149 1470
92 1901
774 1313
1994 1303
1912 803
1274 485
1270 674
1653 51
1770 763
745 217
1648 1634
9 1201
980 783
875 591
293 773
1477 1364
1479 1090
1163 886
1820 192
993 1310
1013 550
25 1671
1312 26
1391 1089
1099 814
1353 1170
595 38
1175 1136
106 1293
1949 1987
947 1888
1961 392
224 465
957 247
1860 1157
515 1811
1723 1797
432 1049
1935 849
1792 212
1903 1553
925 394
