empty point vector!
size = 1, capacity = 1
size = 2, capacity = 2
size = 3, capacity = 4
size = 4, capacity = 4
size = 5, capacity = 8
size = 6, capacity = 8
size = 7, capacity = 8
size = 8, capacity = 8
size = 9, capacity = 16
size = 10, capacity = 16
size = 11, capacity = 16
size = 12, capacity = 16
size = 13, capacity = 16
size = 14, capacity = 16
size = 15, capacity = 16
size = 16, capacity = 16
size = 17, capacity = 32
size = 18, capacity = 32
size = 19, capacity = 32
size = 20, capacity = 32
(0,0)
(19,19)
[(0,0), (1,1), (2,2), (3,3), (4,4), (5,5), (6,6), (7,7), (8,8), (9,9), (10,10), (11,11), (12,12), (13,13), (14,14), (15,15), (16,16), (17,17), (18,18), (19,19)]
0 0
1 1
2 2
3 3
4 4
5 5
6 6
7 7
8 8
9 9
10 10
11 11
12 12
13 13
14 14
15 15
16 16
17 17
18 18
19 19
[(100,100), (0,0), (1,1), (2,2), (3,3), (4,4), (5,5), (6,6), (7,7), (8,8), (9,9), (10,10), (11,11), (12,12), (13,13), (14,14), (15,15), (16,16), (17,17), (18,18), (19,19)]
[(100,100), (0,0), (1,1), (2,2), (3,3), (4,4), (5,5), (6,6), (7,7), (8,8), (10,10), (11,11), (12,12), (13,13), (14,14), (15,15), (16,16), (17,17), (18,18), (19,19)]
[(0,0), (1,1), (2,2), (3,3), (4,4), (5,5), (6,6), (7,7), (8,8), (9,9), (10,10), (11,11), (12,12), (13,13), (14,14), (15,15), (16,16), (17,17), (18,18), (19,19), (0,0), (1,1), (2,2), (3,3), (4,4), (5,5), (6,6), (7,7), (8,8), (9,9), (10,10), (11,11), (12,12), (13,13), (14,14), (15,15), (16,16), (17,17), (18,18), (19,19)]
(base) chenhaihong@MacBook-Air-3 Bighw_1 % 