20 36
1 10 85163539
1 11 12911315
1 13 21132066
1 16 71927541
2 3 53640841
2 10 69125906
2 14 53362611
2 18 74111292
2 20 24872340
3 8 11015450
3 11 81357072
3 18 63925609
4 6 21995696
4 7 42345580
4 13 57118562
4 15 12038871
5 6 79436388
5 12 51492467
6 13 66871852
6 18 55518093
7 14 32342237
7 16 78011331
7 18 99983802
7 20 40774622
8 9 53141582
8 11 45365680
8 12 64033342
8 17 26093720
11 14 14266064
13 15 87019509
14 16 36802519
14 20 82222003
15 19 14515933
16 18 87512692
17 20 89371403
18 20 19504685
