代码,名称,最新价,年初至今涨跌幅,成本价
600941,中国移动,100.2,5.56,94.92231906025009
601398,工商银行,5.57,24.61,4.469946232244603
601939,建设银行,7.11,16.37,6.109822119102862
600519,贵州茅台,1375.54,-18.85,1695.0585335797905
601288,农业银行,4.51,32.26,3.4099500982912443
601857,中国石油,7.75,13.47,6.829999118709791
601988,中国银行,4.69,25.07,3.749900055968658
600938,中国海油,25.55,25.43,20.369927449573467
601628,中国人寿,33.97,21.67,27.919783019643297
300750,宁德时代,185.4,17.17,158.23162925663567
601318,中国平安,42.92,10.62,38.79949376242994
600028,中国石化,6.39,18.77,5.380146501641828
600036,招商银行,30.22,16.91,25.84894363185356
601088,中国神华,36.88,26.78,29.089761792080772
2594,比亚迪,249.92,28.23,194.89978944084848
600900,长江电力,29.21,29.71,22.51946650219721
601728,中国电信,6.05,13.72,5.320084417868449
601328,交通银行,6.77,26.07,5.370032521614975
601658,邮储银行,4.64,13.45,4.089907448215072
858,五 粮 液,115.8,-14.63,135.64484010776619
333,美的集团,61.31,18.75,51.62947368421053
601899,紫金矿业,14.08,15.79,12.159944727523966
601138,工业富联,18.3,25.86,14.539965040521215
688981,中芯国际,45.09,-14.96,53.02210724365005
601166,兴业银行,16.22,6.92,15.17022072577628
601998,中信银行,5.82,17.34,4.959945457644452
601601,中国太保,30.37,33.44,22.75929256594724
300760,迈瑞医疗,240.08,-15.77,285.0290870236258
600276,恒瑞医药,44.52,-1.13,45.02882573075756
600030,中信证券,19.11,-3.97,19.900031240237425
601319,中国人保,6.15,31.41,4.680009131725135
601816,京沪高铁,5.37,11.64,4.810103905410247
2475,立讯精密,36.12,5.77,34.149569821310386
600000,浦发银行,8.43,33.81,6.299977580150959
2415,海康威视,25.79,-23.74,33.81851560451088
600690,海尔智家,24.21,19.85,20.20025031289111
651,格力电器,38.98,30.85,29.789835689721052
600309,万华化学,69.71,-6.66,74.68395114634669
601225,陕西煤业,21.86,11.64,19.580795413830167
3816,中国广核,4.17,38.08,3.0199884125144845
2714,牧原股份,37.81,-8.18,41.17839250707907
601668,中国建筑,4.89,7.71,4.539968433757311
688235,百济神州-U,147.06,5.77,139.037534272478
600406,国电南瑞,25.07,15.11,21.779167752584485
601633,长城汽车,23.23,-6.78,24.919545161982406
603288,海天味业,35.09,-5.9,37.29011689691818
600025,华能水电,10.84,28.28,8.450265045213596
600809,山西汾酒,159.68,-29.46,226.36801814573292
1,平安银行,9.96,14.88,8.66991643454039
601985,中国核电,10.15,38.85,7.31004681310767
601766,中国中车,6.66,31.62,5.060021273362711
601919,中远海控,11.63,24.39,9.3496261757376
601818,光大银行,3.05,11.72,2.7300393841747224
688041,海光信息,76.93,8.55,70.87056655918933
2352,顺丰控股,36.47,-8.37,39.801375095492745
601898,中煤能源,12.73,39.28,9.139862148190694
300059,东方财富,10.57,-24.5,14.0
568,泸州老窖,107.69,-38.12,174.03038138332255
2371,北方华创,296.58,21.09,244.92526220166815
300274,阳光电源,75.78,22.46,61.881430671239585
601066,中信建投,19.39,-17.17,23.409392732101896
600016,民生银行,3.35,-4.83,3.520016812020595
603993,洛阳钼业,6.71,32.87,5.050048919996989
600050,中国联通,4.54,4.85,4.329995231282785
600018,上港集团,6.13,29.6,4.729938271604938
725,京东方Ａ,3.79,-2.07,3.870111303992648
600919,江苏银行,7.74,24.44,6.2198649951783995
600887,伊利股份,22.19,-13.15,25.54979850316638
600104,上汽集团,12.2,-7.29,13.159313989860856
601995,中金公司,28.74,-24.11,37.87060218737646
300999,金龙鱼,25.44,-23.53,33.267948214986276
600188,兖矿能源,13.19,-6.39,14.090374959940176
600999,招商证券,15.14,13.07,13.389935438224109
600031,三一重工,15.51,14.46,13.550585357330071
601390,中国中铁,5.17,-5.48,5.469741853575963
2142,宁波银行,19.16,-1.79,19.50921494756135
600660,福耀玻璃,48.44,34.22,36.09000149009089
601881,中国银河,11.54,-2.45,11.829830855971295
600019,宝钢股份,5.65,-1.4,5.730223123732252
600436,片仔癀,203.18,-15.23,239.68385041878022
1289,龙源电力,14.27,-27.16,19.59088412959912
601800,中国交建,7.28,-0.41,7.3099708806105035
625,长安汽车,11.9,-27.84,16.491130820399114
603259,药明康德,40.23,-43.95,71.77520071364852
600905,三峡能源,4.09,-4.66,4.289909796517726
601688,华泰证券,12.89,-4.66,13.520033564086427
600886,国投电力,15.57,22.7,12.689486552567239
601888,中国中免,56.01,-31.73,82.04189248571848
63,中兴通讯,23.87,-7.48,25.799827064418505
300124,汇川技术,42.35,-32.45,62.69430051813472
601127,赛力斯,75.0,-1.57,76.19628162145688
600760,中航沈飞,40.75,-2.47,41.78201579001333
601006,大秦铁路,6.13,-10.25,6.83008356545961
600547,山东黄金,24.87,9.41,22.73101179051275
601111,中国国航,6.7,-8.72,7.3400525854513585
2304,洋河股份,73.8,-29.87,105.233138457151
